$molecule
0 1
  C  -10.5885609    3.4065367    0.7925484
  C  -10.3193562    2.0850078    1.5297871
  O   -9.0295774    2.1960242    2.1668669
  C   -8.6752454    1.0996599    3.0375860
  C   -7.1665984    1.2009740    3.2974735
  O   -6.8003408    0.3080701    4.3704971
  C   -5.3853820    0.3084044    4.6677138
  C   -5.1481971   -0.5322833    5.9312320
  O  -11.4933393    3.1890516   -0.2906303
  C   -5.6511073    4.4992562   -5.4294934
  C   -5.3924297    3.1438916   -4.7532069
  O   -5.1811477    3.3699884   -3.3430567
  C   -4.9310405    2.1721581   -2.5752539
  C   -4.7694220    2.5657892   -1.0957987
  O   -4.6398252    1.3818880   -0.2688771
  C   -3.3828390    0.6731187   -0.3520883
  C   -3.4563839   -0.5348323    0.5942925
  C   -7.8241187   -0.2430958   -0.6600328
  C   -8.5237987    0.5617788   -1.7651363
  O   -8.2537199    1.9667299   -1.5631103
  C   -8.7552111    2.8161259   -2.6162021
  C   -8.3716724    4.2715891   -2.3093735
  O   -8.8628324    5.1047420   -3.3549005
  C   -3.0159170    3.2411167    2.4221766
  O   -2.5987219    2.0256016    3.0461724
  C   -4.5470338    3.3298167    2.4775362
  O   -4.9846180    4.4568317    1.6908031
  C   -6.4227064    4.5768692    1.5937226
  C   -6.7503883    5.7817193    0.6994414
  H   -9.6486548    3.8022442    0.4040245
  H  -11.0122090    4.1340744    1.4898406
  H  -10.2913762    1.2510109    0.8230300
  H  -11.0943113    1.9093477    2.2812953
  H   -8.9047744    0.1449791    2.5568335
  H   -9.2340161    1.1883916    3.9731912
  H   -6.9164597    2.2238509    3.5894069
  H   -6.6195564    0.9283100    2.3902286
  H   -5.0466591    1.3339328    4.8408116
  H   -4.8394794   -0.1202086    3.8227572
  H   -5.6749768   -0.0954356    6.7826181
  H   -4.0821714   -0.5672171    6.1661744
  H   -5.5057825   -1.5538744    5.7862559
  H  -10.9986398    2.7717227   -1.0198526
  H   -5.8349414    4.3610208   -6.4970410
  H   -4.7874491    5.1572033   -5.3094980
  H   -6.5223529    4.9884368   -4.9895290
  H   -4.5024747    2.6757236   -5.1835481
  H   -6.2563167    2.4873213   -4.8894974
  H   -4.0202121    1.6959543   -2.9466037
  H   -5.7774261    1.4889300   -2.6849269
  H   -5.6645470    3.1041165   -0.7756092
  H   -3.8987304    3.2131117   -0.9577134
  H   -2.5691300    1.3387119   -0.0505951
  H   -3.2159171    0.3280314   -1.3756264
  H   -3.6555933   -0.2105688    1.6174001
  H   -2.5126033   -1.0839693    0.5820185
  H   -4.2555895   -1.2123457    0.2852015
  H   -8.0639983   -1.3040494   -0.7549025
  H   -8.1444209    0.0975858    0.3246537
  H   -6.7416112   -0.1295090   -0.7313800
  H   -9.6037821    0.3938844   -1.7250941
  H   -8.1397899    0.2532313   -2.7418279
  H   -9.8430446    2.7190478   -2.6737139
  H   -8.3088032    2.5087469   -3.5659438
  H   -7.2852053    4.3659738   -2.2431787
  H   -8.8116301    4.5873681   -1.3627600
  H   -8.4598353    4.7971686   -4.1847277
  H   -2.6847880    3.2501288    1.3804920
  H   -2.5758073    4.0960049    2.9425868
  H   -3.0142437    1.2832126    2.5693660
  H   -4.8796757    3.4572953    3.5115247
  H   -4.9796351    2.4192505    2.0581081
  H   -6.8445015    4.7250141    2.5919805
  H   -6.8373031    3.6642136    1.1543576
  H   -6.3467811    6.6997198    1.1323214
  H   -7.8317267    5.8936294    0.5970034
  H   -6.3191472    5.6481111   -0.2951456
$end

$rem
   BASIS  =  3-21++G
   JOB_TYPE  =  Optimization
   exchange  =  B3LYP
   GEOM_OPT_MAX_CYCLES = 100
$end

