34.8797
41.7489
54.4647
5.79915
14.2486
30.3665
42.2723
32.1565
41.3833
34.2686
24.5479
40.6827
46.2397
36.6083
14.0752
31.0485
38.683
39.8274
45.8769
14.3686
31.3525
22.1938
25.1227
40.6701
34.6662
39.9047
37.6124
30.3846
27.68
26.6144
49.2356
23.1589
21.058
23.7873
51.6945
56.2706
49.0816
57.6615
21.3404
24.8276
19.0164
38.9179
38.9371
40.6804
40.4389
11.2616
49.3333
31.1276
55.2506
36.3655
12.869
21.6398
10.164
42.2441
6.66484
23.0763
36.662
22.9957
26.3117
41.6238
24.1972
22.0456
14.569
25.0792
30.2642
34.6988
44.8366
21.0532
9.14356
32.6233
14.3424
49.7297
36.2195
61.107
45.6887
22.9547
31.1539
33.3177
35.949
6.50408
23.5742
54.5767
63.1978
28.8939
15.8256
45.057
33.0052
22.7022
28.642
13.2061
55.7703
56.9954
70.0877
32.4851
30.2407
28.7706
43.3286
29.3577
28.0207
11.2498
41.786
26.8326
33.2851
47.3063
51.8582
55.5153
24.5994
65.7893
47.3391
26.726
19.5379
13.8703
54.505
30.5126
37.6789
43.2282
6.83509
24.3305
44.3241
35.3985
27.0204
28.8569
50.113
47.0479
19.3108
28.3126
38.4506
46.3751
42.0983
16.947
46.5703
33.3489
24.566
66.5239
35.3827
15.3934
14.5903
45.4783
43.1673
26.7212
13.1588
35.467
53.3183
35.8509
10.1825
16.6265
36.703
51.7306
56.4398
48.7463
34.6507
39.2662
17.4721
41.5112
48.9206
48.9637
34.7941
52.5907
43.4594
54.9769
29.499
9.65649
27.7967
16.4808
50.8382
14.7245
42.4956
22.7753
8.55896
39.7408
32.025
21.7929
8.44027
46.0719
38.645
27.3811
30.4701
34.6144
55.2436
17.2018
56.3916
20.2481
68.5614
24.1848
22.7152
24.6563
30.8669
30.7223
30.9514
23.2495
40.2012
45.337
22.9019
34.5494
36.0786
34.904
51.7294
14.2023
49.533
27.3243
55.2999
16.0978
43.7637
25.6228
31.2786
17.1559
37.9097
36.4271
9.02364
15.7504
43.6125
28.8825
27.3199
25.2035
50.9668
26.4035
21.4744
34.2856
45.3233
18.5925
54.8991
21.62
23.6832
32.8023
43.8606
20.195
37.9432
39.7152
24.1607
27.1852
20.594
47.6035
28.2136
27.9564
18.4499
33.1858
47.4242
15.7599
43.7072
19.0809
5.02869
18.198
23.542
32.5466
28.5814
32.6621
35.8874
33.4619
19.8067
12.8211
12.844
19.4986
24.9946
37.7437
28.1311
26.8434
79.9736
18.199
41.3246
21.8481
46.738
31.0801
33.9901
36.8448
42.062
29.3439
35.3139
30.6058
28.2539
30.4624
38.8763
31.4496
25.6901
36.8707
68.3494
64.0698
27.8181
24.7728
48.2296
51.3835
31.7243
45.3665
24.009
56.8807
62.2253
22.7291
24.1945
27.147
37.8245
38.3972
11.7152
28.7891
28.2802
21.3426
24.7913
31.5893
22.7768
45.4791
25.9276
21.9656
23.7297
31.5118
22.655
34.6975
33.2315
21.4316
30.0576
26.6874
33.9768
50.9939
38.7006
17.1837
14.4061
32.7924
26.7631
28.8881
21.3899
24.7384
23.3811
31.2351
22.56
33.166
16.8229
32.8261
45.0103
31.0697
20.5536
30.0763
32.2371
34.5315
42.4768
42.0062
43.3587
34.3067
72.1089
43.8025
27.4762
10.0239
37.368
19.9483
27.8489
18.5936
26.1747
74.6502
59.0374
29.2238
37.5269
19.8112
22.425
25.6195
34.0617
24.7901
50.9312
38.8419
61.8302
62.2749
18.0077
36.0114
54.7642
11.5614
44.5363
46.8214
41.0086
36.1869
47.4681
33.1837
36.5599
9.87106
46.6345
58.3072
17.255
38.2143
30.8121
37.538
40.4696
32.0626
41.3706
41.0465
37.3534
40.1012
18.1087
47.4886
19.2975
36.3138
25.2977
45.1038
24.5418
49.712
42.7263
52.3034
36.6487
62.2286
26.9736
51.042
37.7343
25.0044
60.0797
28.9646
39.2434
28.984
66.7452
31.5673
16.6832
35.7076
35.9811
18.8629
27.2946
39.0388
43.3343
19.533
18.4227
16.4252
25.3016
18.6624
10.8906
21.6628
65.1982
52.7154
23.6274
29.1061
50.6282
44.998
27.8528
60.1525
27.285
26.2677
34.1554
29.9931
47.8856
21.1669
29.0611
38.8033
33.1086
26.182
39.9398
32.2025
33.1249
35.1848
33.8052
26.5885
7.05523
57.0079
24.1666
11.5016
33.9985
41.9337
20.1081
18.0964
67.2693
43.3163
57.2518
50.5147
52.0148
36.846
47.0679
45.0044
31.9527
23.6149
25.8829
39.6261
18.2142
29.333
14.5704
34.4353
2.58169
31.7962
34.4938
38.9239
29.7979
35.1594
42.1254
42.0583
17.9125
16.8161
30.4555
33.0052
20.9017
24.1024
19.3565
49.4073
46.4277
43.1047
64.8886
19.9724
25.3852
23.7969
46.4621
41.1252
30.6022
47.8478
44.3969
21.6963
53.916
15.4209
17.3734
38.2443
38.7386
37.6766
27.1059
24.8565
58.4048
8.11762
13.3963
47.7459
40.7276
12.1774
29.881
13.3854
20.3719
32.7418
25.0086
33.9574
33.8949
21.6285
20.8654
38.9711
40.1357
32.3699
59.0293
66.3321
43.4294
49.903
15.7789
27.1794
26.2395
38.3481
30.9243
49.2632
22.3725
8.82449
35.4985
24.3795
26.2493
24.7423
11.6037
23.8557
58.3633
60.101
23.7916
26.5725
47.8927
43.5538
25.5384
45.148
50.812
27.4695
18.6034
16.9655
44.9673
41.3151
38.1676
67.4088
49.811
36.8488
19.0638
22.5973
22.0927
46.0818
32.8013
13.0214
41.5902
32.9102
23.7749
31.1489
54.4444
32.3808
13.2962
36.6419
12.8086
26.611
16.9482
31.2887
52.3061
65.3115
48.1038
39.5497
19.3131
35.9756
50.8722
37.3591
44.4748
33.3508
41.6083
29.881
62.7082
34.2931
56.1794
34.0163
63.2957
59.289
24.255
26.078
28.5045
50.7648
49.7372
33.2259
36.9964
24.5517
19.9382
25.956
31.4025
26.1242
30.9321
23.4465
17.0123
31.566
15.3852
36.5562
33.9065
31.9533
49.5799
65.5612
25.278
15.8076
24.7024
61.4855
19.1955
47.3332
37.497
51.7074
23.66
48.4794
38.9034
38.6642
32.9854
52.7304
59.9908
33.4794
20.2325
22.5188
29.2564
38.9358
23.4288
11.3144
45.4235
12.8383
13.6747
27.029
31.7667
17.5327
49.8659
29.1179
49.8513
40.2636
15.8283
51.6016
37.1707
57.3356
72.2108
33.2931
37.8137
38.2402
52.6256
23.4814
40.3941
53.8603
53.9844
37.1342
58.3387
47.5864
31.8613
18.1386
46.2512
25.7747
35.4416
15.7828
29.8412
23.5826
26.083
17.3038
47.8213
24.5543
16.825
11.7636
32.4461
19.9939
27.6869
35.8818
14.74
20.3721
43.723
86.007
20.1499
90.7649
6.70081
24.3556
52.5156
49.7625
44.006
49.7226
27.4184
10.3798
17.5867
5.07369
32.2337
30.7464
29.7531
49.7536
64.0503
51.4633
20.3967
65.2091
8.88712
49.8487
38.3313
57.1703
17.8523
21.7594
35.234
17.782
36.0872
31.2206
42.7175
19.7712
11.7849
38.6119
37.915
38.3008
30.45
51.5973
50.082
20.5633
58.4607
59.0423
42.2396
38.6369
29.801
29.1414
45.6087
23.6402
21.5212
56.5596
19.9267
9.88706
11.2322
17.48
16.2229
31.0752
27.4576
32.5777
34.2048
65.4047
14.1161
37.6239
36.7846
30.4851
49.6732
45.2284
48.4607
45.8553
12.9858
26.7554
57.5424
59.9685
29.7997
10.785
42.8509
50.3037
29.3523
50.218
46.6026
7.82035
32.9439
21.2613
62.8838
15.4624
62.4243
60.8018
44.5564
30.8463
56.0545
45.2289
45.5746
29.5234
34.5584
30.7365
21.9189
25.613
14.7032
38.4726
11.5255
41.5965
59.1541
36.0995
49.4368
44.6966
28.714
26.9715
28.8369
47.2474
15.3498
16.0318
28.9555
17.6109
48.5382
15.3802
19.1345
31.7952
24.6507
58.9438
7.46759
34.2059
15.8927
21.047
28.6823
52.7074
38.709
34.9325
51.4474
16.3079
38.2168
40.0137
37.6663
69.7537
33.7946
37.1471
50.686
10.4999
24.1399
25.4435
9.59487
27.197
11.9192
35.767
15.2632
29.5378
42.2568
52.2612
22.6468
17.2173
60.9805
28.3955
44.5573
35.5838
32.0056
45.2677
10.4295
56.8381
23.7866
37.7452
44.1747
15.0981
21.8706
42.9326
10.3089
29.8345
9.11189
44.3867
30.3895
51.7937
62.3617
30.3676
22.7792
19.6843
19.3992
11.6451
14.0587
32.1684
12.5329
38.9154
11.2502
31.7426
24.0678
32.7863
41.6473
14.0281
30.7298
23.8343
18.2419
41.1995
42.7902
22.2535
11.7436
12.4941
39.0883
42.0549
17.5824
35.0113
40.4482
44.0419
9.92412
60.6579
34.6694
26.9752
4.3868
30.7577
12.2742
50.571
34.4575
40.3064
16.4107
21.9484
36.0796
37.3388
8.1496
48.9176
39.9165
56.083
43.9455
38.4588
25.3806
29.1052
34.9122
18.9576
34.7475
26.9219
76.7475
50.6833
59.6746
30.3114
43.0224
44.1139
15.2407
36.1512
53.2151
37.2353
29.911
49.4971
20.9361
38.8996
41.9855
26.3817
26.8323
41.9843
46.9882
24.9341
37.6654
34.0328
33.978
39.0053
37.2218
27.2719
51.6849
32.2821
53.0827
58.7417
3.4758
20.294
47.9468
18.1767
30.7204
21.9689
64.7759
35.279
30.012
56.1199
30.6421
29.9364
29.3675
50.4287
29.0006
13.3948
27.0586
4.43281
40.9262
58.0153
48.3339
54.3156
33.6594
40.6585
45.591
34.2023
37.6648
16.9966
69.3122
41.2932
22.1924
59.0301
48.6917
47.8881
34.1539
74.458
27.3064
42.2574
26.9511
10.7668
36.3593
13.7675
66.3141
41.5126
50.8999
30.4507
19.6586
38.6078
76.0198
57.0249
49.8094
35.4136
36.8791
51.3457
36.012
64.8587
64.3302
24.9264
25.7475
29.7249
24.0599
31.0395
32.3141
36.1892
41.5864
21.8015
21.2644
50.1384
47.9601
24.5719
43.106
40.887
25.1819
37.6767
45.5583
58.0552
33.094
37.3192
26.7942
38.9896
35.9288
72.901
77.6156
45.4582
37.3616
16.4872
23.3219
51.4607
11.6405
31.324
50.2857
18.8711
64.7984
61.3165
24.3299
27.4077
41.1917
37.5953
12.2363
13.0745
55.5292
48.1553
19.4918
28.5493
17.7934
21.0157
73.5592
28.7833
24.4634
20.5912
6.57774
43.4005
33.54
6.19363
32.3108
37.2942
10.1083
28.8549
18.276
19.969
37.2399
27.6712
17.4825
43.3331
28.5587
36.2999
29.8733
57.3727
30.2181
54.945
39.7486
30.1154
47.7984
22.4713
26.291
20.8045
77.0544
21.0479
27.804
34.1606
47.856
51.9303
39.9617
17.8439
34.0271
22.6116
8.38649
42.6143
55.4597
41.0028
47.7193
19.8949
27.3552
32.9107
34.1539
37.5228
36.0219
31.5678
18.7965
30.6496
32.236
14.1399
31.7043
37.5824
43.7128
31.7512
20.2609
73.9824
21.7775
30.238
22.4003
33.0863
18.8376
40.6582
17.9066
33.0577
30.1304
23.9126
23.5461
56.9977
6.118
25.4371
30.0874
35.9275
36.7244
53.6944
32.9911
18.1828
20.6388
51.048
20.5328
12.4687
36.9753
28.7906
33.5813
27.1406
49.5632
17.2766
22.4028
40.3119
31.5748
43.594
46.8452
29.1121
41.3806
27.6446
38.2052
52.4041
51.2271
11.0561
41.1705
36.8386
17.8458
24.0826
10.2615
41.9989
37.9376
35.053
37.9752
29.5851
30.5946
40.2363
22.6708
32.0298
42.7967
11.4211
17.3891
48.7511
9.31621
43.8318
31.5044
27.265
49.7852
36.0491
35.8013
15.8221
39.406
14.39
30.7263
25.2792
50.7372
7.60731
19.6584
20.1623
11.9922
16.937
64.198
30.1265
24.7193
18.5284
48.9762
59.8276
24.7073
16.1788
12.2701
38.2634
26.5521
39.8002
23.2447
27.9747
34.5914
31.0293
48.064
13.5771
52.144
54.6333
46.8608
51.7112
31.7449
24.5208
52.6404
43.972
20.9511
54.2154
23.7089
29.6108
25.1775
39.0605
26.7071
26.1728
34.7862
35.8306
33.1801
35.3812
10.7295
60.4507
29.4317
45.9436
26.3608
51.9453
27.5515
60.5988
47.3067
9.53471
40.9844
44.1177
28.1922
39.1811
35.5628
16.8852
39.8809
20.0695
41.4583
49.5382
28.7884
40.4878
20.0734
52.6953
49.4976
15.0737
29.1823
18.3239
25.0422
43.924
46.0711
35.5663
30.6527
35.2337
25.1371
23.3134
27.8468
13.2862
53.5717
37.6396
38.3142
40.1223
45.2801
58.2066
31.775
47.1123
52.1534
28.8004
26.5226
37.9445
20.7723
45.4787
35.3151
63.036
9.04918
36.5654
25.1697
37.9536
22.7195
37.7338
13.5232
60.699
12.3168
48.4994
29.534
36.5012
41.5897
14.2884
28.9705
65.8351
14.942
33.9178
31.4986
37.6314
59.7697
34.6499
35.1373
57.953
29.9713
37.5826
35.0056
6.52942
44.6947
13.8195
51.3863
46.2887
50.8693
42.9664
61.9127
21.5089
50.4324
44.8771
30.7202
33.5516
59.0656
46.5644
23.9684
32.5103
15.8832
50.9433
35.9889
33.8059
41.2517
6.38109
10.6264
31.0458
35.0048
19.3498
36.4076
43.2461
24.6046
44.3642
27.5479
26.3909
18.2471
37.0168
57.3474
30.398
53.8536
42.7857
37.8479
49.3138
41.0494
38.7759
29.7741
50.6275
7.85402
23.9163
19.9284
29.8019
31.8987
30.0888
22.1261
14.0245
38.0596
40.2393
25.9242
33.5326
9.81023
49.8139
35.6522
17.2214
44.798
49.0176
28.1172
21.607
33.9504
23.8591
27.8966
48.3704
26.6418
43.7393
10.261
19.8957
23.4775
35.9492
65.2983
15.3315
34.4838
56.3452
19.4736
20.9351
32.099
37.388
27.4238
31.1792
28.3958
14.8306
42.1164
40.9224
20.7226
37.7663
26.7524
39.1625
30.5501
22.9744
22.4689
46.0209
37.0109
47.0299
56.2167
27.7049
32.0463
22.4302
36.658
40.3276
50.1959
32.9988
18.5918
30.8903
24.8407
37.9838
53.024
37.8392
74.3602
15.5036
44.2359
45.2536
13.5218
13.962
43.7416
23.6269
54.4712
25.4598
43.0517
40.1702
67.8799
31.1213
24.1753
37.3767
15.1748
16.6409
44.5346
62.1862
13.6512
48.5549
60.3079
25.4757
33.9979
25.5504
30.9886
30.3423
18.8067
53.7444
31.3339
8.07068
26.4308
6.02445
25.6866
42.6082
45.8144
49.9056
10.0287
43.5956
34.8168
47.7458
71.4771
40.2196
47.3516
26.4943
55.4819
20.4694
22.2685
30.7291
33.1746
37.4955
28.5618
61.495
15.8891
23.2813
58.4546
32.1773
10.9835
48.6895
28.8637
26.7859
48.9416
34.7708
40.2377
34.7658
45.473
25.3442
58.6537
46.9677
18.154
27.9186
55.9641
49.7697
35.5795
18.15
33.1533
52.7935
40.9841
14.3522
13.6221
27.799
19.9494
55.9851
26.2361
45.5706
38.097
49.0527
52.058
56.019
37.7599
60.684
17.9334
40.652
30.3615
29.4501
56.8798
30.438
20.7058
27.0849
11.6089
71.7957
35.9161
53.28
32.6378
19.3573
44.983
41.3237
69.6797
20.6757
33.4668
42.3603
37.102
34.2085
50.5662
44.9264
41.3477
34.0985
32.6488
23.8479
29.1712
45.8891
35.1973
32.7976
29.1115
51.1059
19.5811
23.9493
36.7298
35.3717
29.3656
38.4484
27.9947
37.4198
38.192
22.8213
24.0235
53.1827
38.7975
14.6716
38.9683
27.8518
44.5416
42.2973
34.7446
35.0177
40.3596
18.5036
64.6719
34.9168
40.4529
34.7033
47.098
37.38
34.4066
11.3046
27.9988
53.0061
18.6591
24.3655
38.6588
31.7376
56.391
37.8566
31.7676
42.6935
37.098
31.4059
65.4673
12.7169
36.1332
25.3222
32.1895
43.0532
28.2876
48.615
39.6837
29.9513
41.7359
39.8608
32.4175
27.6248
23.0461
33.8305
31.4819
30.9704
34.3269
54.3074
57.8916
23.9344
31.0205
30.3722
10.4481
28.6514
12.2331
22.1962
11.1305
40.9202
41.8067
35.3189
33.2727
27.8033
21.0746
21.7771
21.303
50.2136
41.6268
12.845
16.8164
5.60186
48.6714
17.8363
28.0128
23.6672
31.5889
14.9391
33.9907
44.292
23.8894
3.28467
22.3881
33.5524
40.0194
70.8548
43.7376
6.70516
15.2195
38.2546
49.9841
26.0264
38.0582
33.0065
32.8953
46.0088
52.1264
44.4085
15.4359
30.1318
32.8668
55.9498
49.0515
21.0054
56.5783
10.8732
31.9804
49.4675
29.6552
37.121
23.6254
60.8211
36.6463
16.0365
46.4046
27.8417
21.728
27.5718
26.4705
14.3524
34.8262
34.7241
20.7531
29.7674
22.1087
17.5239
38.9148
33.5053
40.9607
46.6063
39.1354
54.8902
32.6479
46.3652
32.0782
24.8402
23.298
29.1317
26.8605
33.1335
23.7649
44.5185
40.0022
31.1365
49.4987
35.5425
53.5059
10.868
12.9158
13.3068
30.2171
25.0809
36.5401
26.8939
41.4349
10.5329
40.6916
22.7507
16.4894
20.3103
29.1029
15.826
45.2288
43.2043
9.47249
4.96376
25.0345
18.4125
24.4395
31.9247
28.1608
37.8346
25.9849
43.6847
22.4737
35.5208
27.933
36.8992
31.2118
37.7359
39.0271
33.4934
36.8056
10.9501
34.5808
31.3791
27.2773
28.4635
18.7678
30.565
49.4422
62.6991
46.8419
24.5154
37.3551
13.2622
34.3321
11.2936
11.5722
30.6395
27.8566
34.3763
13.0131
47.2
25.0479
26.2386
35.2635
47.1204
36.0967
55.5437
21.9614
49.3273
50.7
30.4264
45.3381
49.1701
27.7823
59.097
8.80435
45.5335
58.8643
46.2962
26.9607
29.0816
50.8497
32.0513
26.3688
64.0558
13.8443
12.5594
36.4023
14.2376
38.5558
22.4223
16.5238
29.6443
11.356
27.315
34.2789
28.3893
19.4824
65.5834
47.1758
26.9977
33.7917
45.5532
55.9346
19.3475
36.9275
11.5099
30.2721
28.0843
57.4463
41.4304
28.1073
49.0878
30.3032
50.6854
37.4144
32.2686
70.1741
29.8985
24.917
20.1697
14.2548
27.4543
19.9393
42.4332
28.3588
47.6483
27.9156
49.6496
36.3202
19.6647
76.7665
38.5936
54.8894
23.2636
17.1167
38.2326
46.5902
21.4827
35.6696
24.3252
10.9042
23.7058
24.0706
21.2157
54.2971
40.6364
26.3982
40.8412
13.9588
51.2973
39.3047
49.6194
24.6697
53.7225
7.99625
19.7755
28.302
18.337
28.3161
46.8802
29.1431
47.5525
35.3515
6.89115
16.2726
54.8429
50.1981
11.0597
37.816
48.2315
38.0752
24.0152
42.4106
30.5445
48.4616
33.255
28.957
46.5634
42.971
33.0152
15.1522
20.2026
52.2831
32.3445
19.6655
42.6954
49.712
30.0149
12.2245
15.5741
38.1218
36.6192
35.8756
23.6571
26.1995
16.365
41.1641
35.2
29.3015
16.0149
28.1305
28.3597
9.9775
19.1131
23.3343
21.3451
43.9512
35.4514
59.0464
33.7134
33.404
44.0289
61.6637
13.4802
56.7318
52.3656
50.0756
42.6788
47.8457
26.2457
42.8353
48.2851
17.9917
37.2499
49.9925
23.9269
23.1325
23.7578
33.7242
30.0316
53.3141
18.4121
25.4648
44.7606
39.5758
21.7978
36.7702
33.2665
29.0546
13.6744
26.8596
34.5743
22.5929
22.5348
34.4423
60.7784
56.1655
45.1707
47.7988
23.8143
15.0904
41.1871
13.5081
22.2452
32.2551
14.8209
50.5773
19.2593
17.7978
36.3138
45.7086
14.0148
17.7323
35.6006
54.3158
45.5225
32.5661
43.2026
50.1586
38.1887
39.7472
70.5339
20.5391
43.2208
23.1082
16.6517
34.056
40.1145
37.2964
10.171
17.8452
12.5072
21.8129
43.5786
22.4258
46.0175
49.6972
23.8168
47.5469
31.8675
37.0005
32.8569
43.8983
49.834
12.094
23.1156
51.4659
18.0443
45.4753
58.5173
22.8746
44.354
45.5626
31.7436
45.3213
45.0325
21.0614
51.9028
20.3957
24.3217
30.4389
48.9695
9.60081
53.8175
20.9804
53.2631
44.9725
31.9059
46.1302
42.4817
45.8845
58.4325
27.7051
42.7055
23.2452
24.8879
33.9035
37.9637
30.6987
54.5176
52.9525
37.9174
30.8212
22.4358
33.761
31.6485
21.3425
6.7377
39.6572
13.5717
38.3877
28.8595
41.6037
53.0455
13.6623
68.3054
32.2127
37.9851
42.8415
23.5246
15.0039
21.2736
20.7208
35.5476
23.6673
25.8703
39.2161
25.848
44.4281
47.4664
38.2312
43.7762
39.4129
32.1161
36.4879
35.4558
15.6479
41.6856
45.5394
23.5459
34.3843
57.5116
34.0606
33.8817
31.8001
16.3877
40.9787
6.49794
59.9203
42.88
74.5841
34.7203
29.4276
26.1114
18.8785
7.4174
31.9147
14.509
20.4492
35.1716
35.8318
50.6061
35.3967
21.7548
11.6989
23.2916
52.2553
32.3263
32.4069
45.7106
38.1851
16.2092
40.1006
39.5648
44.7804
37.7248
45.3567
24.3438
28.1454
69.0488
23.0283
28.6902
29.7456
29.9708
34.2565
43.9244
17.8217
23.7211
27.7365
16.3749
43.2934
13.3059
12.0976
49.1899
33.851
40.3402
58.6652
60.0131
16.6825
27.3543
24.4654
37.7762
35.3337
36.5664
45.47
29.5189
71.7004
58.0906
64.0902
29.1251
46.4403
16.1218
33.8798
19.9138
40.5628
32.2355
39.3807
50.6875
32.1663
38.9676
37.4571
49.7414
36.739
22.8817
36.4468
42.2623
54.2215
66.6177
47.9734
35.2256
35.5059
41.8876
36.6124
23.0551
38.7712
41.9832
28.5383
24.8138
12.2347
38.3187
26.685
15.0482
47.2398
29.0778
56.1308
68.7911
12.8067
29.899
55.2498
81.0528
38.8036
30.9026
10.6283
16.867
25.628
16.3756
21.4291
14.6039
23.9209
29.7687
23.1792
19.3019
50.2062
30.5438
16.1959
39.7692
44.8453
57.035
23.3172
29.1202
24.643
51.7809
33.6059
28.8622
48.105
45.1997
45.4078
18.997
26.5246
14.6193
24.0533
43.155
15.3812
41.1103
29.0317
45.9032
25.7038
31.1885
45.4486
34.5799
30.0097
40.1033
44.6478
39.3623
44.6078
27.2724
24.2057
26.6585
26.8646
28.7999
46.3832
18.4372
18.6581
15.3783
41.1353
51.3212
21.2016
27.5432
36.3842
34.7803
30.9197
32.5237
6.68161
41.646
34.2456
57.7931
39.0209
24.3965
37.0881
26.9913
33.9039
30.8933
32.0503
44.4436
23.1606
31.5615
25.055
62.1539
55.0189
27.2847
18.3358
22.116
21.2381
67.065
49.0324
50.4765
48.0461
26.2395
27.6616
17.1118
46.5382
35.7409
34.5015
51.1762
34.1261
40.2519
14.3944
54.1815
41.5116
27.5357
58.3149
25.5452
40.6865
29.9213
26.9249
42.6735
46.3677
24.401
61.7245
11.3451
44.3525
6.74055
28.0121
21.7876
34.8211
41.6687
33.2859
51.1653
17.212
70.6175
5.56331
10.5285
33.6456
26.0707
45.0626
40.223
51.958
25.7764
24.841
42.3229
37.7365
47.3499
39.8093
26.3129
40.058
9.90464
9.11307
22.3301
59.8778
22.7219
14.8686
31.9161
26.255
31.1957
21.3828
30.2258
36.1803
20.2309
52.7501
16.0229
41.5265
18.4937
32.7722
39.7348
16.5322
24.4243
51.7915
37.043
40.8277
28.556
27.4442
24.7987
50.5043
35.5153
25.994
33.312
31.7072
32.2467
10.3916
37.3589
21.6079
25.2704
76.4972
48.3474
54.2067
27.8643
45.3728
26.6252
11.1966
37.5767
24.5489
31.2809
43.1534
27.9401
52.1866
28.9218
24.8004
11.5712
66.7667
10.3445
20.3824
46.0767
54.7998
41.8468
33.7892
57.4838
41.1058
34.8079
29.4038
22.2585
25.0954
52.399
47.2113
26.7164
35.3579
21.5236
12.3226
20.6895
26.9584
40.2564
20.8831
89.5124
41.3706
45.4372
12.1467
27.0988
39.3806
20.4709
24.5881
33.3029
44.8718
55.1259
32.1138
35.1575
40.8021
25.0856
39.681
9.19246
39.7952
31.507
18.8823
27.3136
47.8153
33.7332
45.2061
36.3513
72.0223
66.8323
23.041
32.8513
13.5951
21.6305
43.9536
24.4417
24.2433
35.9465
25.6711
44.2396
51.1539
48.4463
44.0436
16.3558
31.809
40.2275
13.6016
40.5315
52.2688
24.9221
29.487
71.9633
24.5452
22.9498
59.3645
56.0215
30.9181
17.9353
25.5188
56.9349
24.8596
31.0273
30.8488
14.3235
28.3917
19.8305
34.8777
25.7916
10.6898
29.4408
28.7686
64.8366
51.7491
64.1481
36.1826
55.2723
25.1958
16.8785
15.1758
36.7204
42.7855
35.8302
23.8465
28.7942
51.2612
29.3566
21.3851
68.6574
42.21
37.5588
24.3374
33.0048
27.7933
41.3311
31.4509
25.5233
28.845
27.7255
41.3017
48.3447
36.2083
60.4635
27.575
42.846
54.0502
38.8891
16.2377
14.2406
40.366
26.0627
9.68565
54.096
45.6153
19.7051
13.0291
29.3231
35.5219
15.5304
38.9129
84.5574
62.1342
18.71
26.1245
36.5368
33.1377
25.9657
41.7068
27.5932
23.9404
25.5341
19.9467
52.0247
26.8644
17.9734
55.4534
41.3948
51.2792
40.9203
42.6863
62.1191
58.7196
28.1156
36.4795
25.748
20.6591
19.3741
30.9577
34.1487
51.5816
20.0789
22.2509
30.2818
15.4484
11.5464
28.3976
43.5813
28.4696
30.1723
14.6664
17.2312
38.423
15.3533
24.4424
18.9263
24.9443
41.7586
19.9243
48.717
26.1052
60.2992
23.3391
2.30551
37.9722
47.3613
36.5157
32.7302
22.6846
47.4684
36.0522
49.4677
24.8645
42.7073
32.4033
48.4045
23.5861
55.9217
21.6349
30.2661
35.5482
20.5004
21.6869
31.1128
44.7744
69.2098
42.1984
40.983
26.2307
59.1217
30.5422
12.9688
32.4215
23.7333
34.7869
35.0466
37.2516
35.2574
45.6163
23.2602
29.637
31.1874
40.8088
29.2862
24.6994
31.5515
31.4217
17.4439
38.542
54.3105
37.4424
66.5787
15.8586
24.2207
11.9465
34.66
27.8259
47.5309
33.5074
49.6724
9.47388
32.3401
36.5872
35.623
31.8308
55.3076
40.5613
29.115
46.3026
46.4739
25.0523
51.2325
25.7516
21.5694
20.3997
48.7155
52.508
43.4114
43.9048
40.4367
23.2401
41.9812
24.3134
39.7423
27.3621
29.049
15.7581
38.8126
44.8907
39.0557
22.7079
46.7994
25.0216
27.0221
29.2477
21.7481
20.1314
20.1365
58.1331
19.1063
17.0005
44.6356
31.346
9.48916
28.1965
29.9811
34.153
12.118
9.30078
20.9302
38.4151
40.5095
31.7975
15.1355
27.1806
27.1099
21.9796
18.2479
22.4078
24.0382
22.3078
27.7229
40.0656
62.1534
25.9354
38.5582
28.6531
39.1286
26.2004
33.3
38.7252
39.7034
19.0802
30.9352
17.3882
44.4423
39.4061
24.5811
28.7921
64.8467
54.0219
32.4258
39.969
28.9202
43.5485
39.1511
48.9363
57.635
4.1405
26.2759
46.9732
38.8311
52.281
34.4238
46.4168
25.7896
22.2304
34.3562
36.943
51.865
42.7744
33.8174
35.8193
29.5755
17.2332
47.0811
30.092
34.0714
30.4202
46.5733
16.3714
43.9494
46.1823
57.0526
30.7646
45.7213
30.156
35.888
33.6592
38.7764
27.8191
51.1328
13.4933
25.4128
58.9305
13.8346
50.2178
13.0384
10.3317
23.007
20.9987
7.19251
25.2282
25.062
34.4161
25.8894
24.6306
30.7806
27.0002
31.6116
56.6948
29.7361
25.762
42.9789
47.7543
44.2387
17.6895
32.8238
21.7411
38.1463
45.636
37.6701
52.0873
46.769
45.2504
49.1621
29.9403
36.2285
33.287
12.5399
26.1664
68.0968
26.9533
21.9896
21.1993
26.2099
35.0422
48.9999
7.74214
29.2072
64.6806
46.3538
59.0252
30.7562
14.5862
40.3281
23.3417
59.8524
21.9263
54.6596
45.9879
48.1156
71.0659
34.5611
26.8012
57.6882
19.5923
17.5622
16.8178
42.5382
51.5169
24.7669
30.1789
46.6442
21.7698
34.4426
21.0213
38.4614
13.1458
16.6521
29.0793
44.6352
25.6353
29.887
63.2536
39.0135
53.2593
17.1557
17.4203
35.1864
18.6571
30.193
59.1134
28.3593
33.8433
47.595
15.7455
44.3345
33.6963
33.5424
35.567
55.0131
26.7423
52.1023
18.6589
17.7266
40.3077
46.2288
37.5207
28.4376
51.3443
30.2453
36.6617
29.9285
56.8052
36.6323
12.3565
36.3835
39.1182
18.3814
50.9746
17.6285
22.3272
52.8696
42.0811
52.3894
23.9389
16.5586
8.7288
41.0295
13.3116
39.9812
13.617
25.9349
20.4893
47.7822
23.3856
21.1379
46.1483
22.1917
18.5735
27.792
23.2144
36.9986
39.6181
9.07439
45.3955
28.9411
18.5288
31.3729
14.4002
43.9541
22.6324
46.1489
37.6238
49.0352
25.8324
35.2494
48.8437
37.6016
71.7531
27.4204
67.4643
36.9359
41.6876
41.234
46.8995
48.1672
23.7135
19.3616
83.7755
39.6096
30.4197
53.2547
11.5245
17.1755
28.3412
35.1396
38.0615
42.3944
33.7593
43.27
7.81721
48.5344
50.5467
28.6171
27.9745
29.4483
26.6666
38.1553
43.166
8.88392
34.1127
27.2571
37.6781
26.0081
19.3102
40.5292
40.9414
15.7293
25.2904
44.0073
17.528
18.744
17.7265
58.6835
57.2932
29.0365
57.1295
23.8234
26.8175
38.8822
23.8237
39.1295
26.7454
54.5463
33.0267
10.9796
51.8568
27.5633
32.1401
67.2666
24.639
42.2998
30.1802
29.4591
31.8803
39.8117
24.4694
34.599
30.7799
41.3297
14.6966
24.2909
30.725
48.9032
34.9035
23.6124
61.7975
31.5565
59.8361
62.8482
23.0999
20.1354
7.36237
15.4554
30.7523
27.2472
28.0965
27.5978
31.3414
26.1638
53.2445
36.1616
31.4955
22.143
24.8341
56.8423
38.1456
43.8149
43.6292
27.5238
55.1253
57.4455
32.5024
33.9005
20.8541
25.2717
30.0031
14.181
26.7609
29.1356
6.71721
36.9054
15.3801
29.5793
10.2365
18.978
57.4053
35.8682
57.8788
19.1791
55.129
26.4097
20.5107
29.2182
15.4986
38.8495
29.6181
35.7373
28.3672
35.6218
22.1998
21.2293
15.5249
24.9711
49.5485
18.2693
32.8203
36.6956
29.1053
22.0516
43.3548
38.0983
43.68
25.8589
38.439
17.6639
33.4558
31.9142
81.3402
7.20887
28.416
27.5954
29.7839
39.8231
48.7977
38.1669
19.8522
22.8666
38.611
43.4717
44.2884
55.8592
32.8264
16.2491
25.1834
17.7048
22.4258
5.36153
13.7368
18.5308
56.1533
14.9463
60.3949
23.3787
49.2627
43.0772
7.25647
43.7033
32.8485
38.6509
10.625
42.2235
25.9637
13.4508
18.9452
45.6413
11.089
45.0536
8.31559
16.1115
24.9786
33.6738
27.3618
32.8548
61.0056
12.7811
44.5381
42.8526
45.4104
65.8324
23.3078
49.2132
19.9233
60.0482
25.1834
35.7578
30.6057
48.9582
46.3885
27.4197
52.6902
40.6309
32.4573
38.2486
35.4459
17.4991
22.3923
55.741
34.6407
59.1355
52.4495
52.7401
35.6234
26.1522
46.1016
37.4842
13.5524
15.7506
22.5803
68.7921
46.4003
33.2188
43.0441
13.833
54.047
37.9186
35.9435
2.96528
56.2692
34.9313
50.6415
15.5622
32.4212
25.7244
33.3745
22.7517
27.402
17.2883
21.9183
65.1693
45.6762
34.322
26.1053
59.9196
35.8989
74.4061
25.3097
10.2937
47.6961
28.1847
29.9621
35.3619
34.4287
33.437
11.2985
63.8872
33.9571
47.0889
63.8361
20.8713
52.6347
25.7546
46.4325
14.7625
47.4359
19.7639
25.6096
28.149
46.4624
49.92
38.2017
27.4149
54.8159
7.49416
35.6158
27.1782
30.6782
32.0839
46.4216
41.0687
33.3229
21.7905
71.1201
39.2211
40.1678
22.1278
23.9476
26.1271
27.1012
64.2572
16.7322
31.116
35.0865
44.7985
9.55611
15.6849
16.1922
7.00873
14.0668
22.3443
42.6454
46.7036
48.1003
30.898
14.3796
20.228
29.4431
43.4298
34.2955
46.7717
20.7966
33.7105
15.5053
27.4142
36.0423
37.4829
28.6925
36.5618
28.8245
69.5864
30.4564
45.4201
51.2546
49.2084
12.9694
30.2168
29.9487
13.2617
18.395
30.0904
35.7587
19.934
22.8702
16.3616
36.3875
10.6064
60.1879
6.20368
20.9406
32.9083
57.122
33.5108
14.0154
42.9436
33.7544
40.7944
41.6123
33.0437
15.7922
48.672
46.0292
36.4033
55.8608
26.9755
26.0265
57.7251
30.077
29.4948
16.9282
25.1106
13.3176
20.1658
43.7929
40.1097
17.5883
26.6028
30.9229
47.058
24.2004
17.2189
5.23165
39.2732
28.7445
25.4457
11.7571
58.984
30.0006
26.2715
35.2738
30.7836
16.8075
20.8935
44.0933
15.3894
31.4623
50.5242
42.2502
63.1024
39.2662
33.8359
35.0152
34.6388
21.912
24.9889
48.6966
32.489
15.9352
18.5477
23.7855
37.7006
42.206
34.5156
45.5842
45.0898
27.2628
30.5756
31.9905
14.7489
29.379
27.8198
34.3303
39.1567
51.492
60.7174
28.5122
27.7695
18.9967
11.6027
14.2469
30.8983
10.3545
31.0627
41.1719
58.8822
26.4651
47.0456
18.889
48.4133
56.0887
30.4552
40.039
24.9489
25.8953
40.779
36.3595
45.2972
48.3759
42.635
33.7195
41.0224
34.8574
16.8746
43.2715
37.1069
43.601
28.0438
28.1826
21.3079
12.039
25.2515
52.345
30.4144
29.82
40.7156
30.4188
28.7077
45.9823
35.3839
8.53466
28.2174
68.9159
41.2311
37.025
58.3192
38.4246
44.3871
7.24808
57.9346
36.0563
25.8128
15.8189
18.9411
58.846
7.63345
17.7458
7.37593
29.212
54.8261
31.3759
27.2486
13.8064
16.0033
21.9194
45.9579
6.26332
37.3926
16.5096
26.8944
19.0435
32.6188
25.7256
38.0406
28.1564
16.6726
59.013
45.6459
20.1144
27.9352
25.0622
30.7799
52.3865
41.4078
32.4472
12.176
29.8339
13.142
28.239
36.8928
11.0914
38.8701
42.3352
28.1209
39.8358
25.5583
31.3914
57.9335
8.95526
33.1672
37.2602
37.6714
33.7787
45.1271
16.3052
22.5164
21.2777
56.1398
27.1434
52.4556
18.714
57.6612
27.7673
28.6262
18.0536
30.6677
42.7272
28.2835
27.7049
27.0412
15.9895
28.3414
26.3482
19.4599
27.2704
57.4955
25.9038
30.7915
37.7099
50.1619
32.6099
47.9706
7.88547
13.9363
23.1346
38.5088
35.4471
45.4733
23.8998
49.3225
54.0989
15.099
9.46494
48.2857
57.9011
41.6702
40.4775
60.8998
40.1697
41.8535
2.52009
53.9936
3.99338
30.8514
32.2221
60.2543
55.5531
46.5293
41.3182
23.6485
58.4753
28.5568
60.2162
17.1046
70.4136
15.8131
27.7276
35.3493
29.4519
43.6556
47.4328
31.4168
49.1201
19.9238
56.3297
39.5721
53.657
39.0659
34.8088
46.8128
15.3461
22.4865
11.6188
20.9135
25.1131
52.7444
57.3806
22.5276
19.9664
26.4626
15.9235
21.3181
47.4151
10.9221
19.0051
41.4507
36.8403
18.0601
21.5209
10.8198
50.1709
66.16
16.9975
24.644
14.6934
44.3151
31.5889
28.1967
43.5107
45.5634
49.3263
56.743
37.21
49.1826
41.8632
39.5049
34.2949
41.5093
46.1505
35.34
33.7867
25.5988
39.473
45.9319
40.7756
32.612
51.7501
62.2747
31.8731
39.3511
29.0109
39.0066
29.5811
38.7956
64.0486
16.5651
57.2146
22.8826
25.5552
38.3902
50.3971
51.664
22.1438
28.0078
36.6197
38.912
10.0573
23.5219
54.5987
21.511
19.697
31.4108
19.77
17.6845
15.3607
41.152
18.8385
44.9255
16.9706
49.0253
26.1539
51.0713
53.154
27.1212
37.4292
47.4057
26.8492
23.687
13.6757
39.8105
17.0017
37.1835
35.174
32.708
32.4926
33.0126
52.3188
15.1349
41.0418
25.5292
9.08652
13.9649
29.0681
23.7141
32.9724
33.3123
31.5343
36.4303
53.7689
38.4566
21.0578
29.4657
35.1731
32.186
48.0894
6.38469
41.8665
30.9132
6.52173
48.1426
39.8959
34.9995
25.8667
46.4198
26.951
26.0914
40.0465
9.71653
33.9676
38.6207
22.5362
13.4398
48.9038
21.6252
30.8255
37.4283
16.3608
33.8325
20.9678
56.0323
32.5303
42.1369
50.4108
15.6523
32.5766
33.0289
70.3901
49.4523
27.6962
35.0646
42.0904
51.3153
37.7108
32.7015
24.9359
30.8343
30.0677
28.5974
25.9276
49.6162
41.6777
9.87492
52.0452
38.1822
31.5502
29.0066
9.99553
19.5681
10.9003
27.0181
46.3252
40.8514
31.4569
15.1919
51.1502
12.9985
44.6386
22.3131
31.6547
51.5311
46.5942
26.0973
19.301
33.1101
36.754
59.4538
49.7489
40.6438
26.3151
32.1548
45.3949
50.2836
25.2093
10.4504
44.0517
18.4537
60.0674
43.1383
28.2117
31.4839
25.7968
60.8292
25.7183
29.7557
25.6557
47.2247
31.6624
33.1007
38.0826
28.7485
39.5968
60.61
3.42882
37.8806
35.1977
39.2629
31.3867
26.2953
42.2111
19.5229
48.3858
28.5991
19.8827
16.4334
8.52986
41.1654
32.7532
42.2094
31.9293
19.6149
32.6262
15.6542
47.6078
28.0921
39.4429
42.2702
16.3007
19.3359
42.1338
29.4015
25.3573
46.3615
32.0385
28.0117
25.8319
26.331
21.8242
38.8748
18.2235
15.4844
34.3732
46.1597
42.5398
34.6092
11.4419
22.5999
11.9531
29.1233
27.9222
37.7645
33.3034
33.8089
71.1012
23.5247
45.7129
14.5815
24.6077
21.661
13.363
19.8509
64.1039
28.4428
10.7562
42.1939
24.9686
34.7509
27.4435
42.5957
25.1894
17.2189
41.5455
29.974
28.1932
44.3991
28.1611
22.9711
42.4169
66.5689
55.1806
40.9344
6.32683
38.9663
30.3752
19.8732
40.2473
32.1029
38.0633
43.2934
35.7256
49.0955
14.3402
59.8606
19.3195
22.2132
47.3225
45.625
26.0848
60.1325
46.0158
38.5184
34.5411
22.1039
45.7845
30.3344
21.9387
41.2543
50.742
29.0621
21.1415
28.133
20.002
28.4457
28.5845
40.7706
50.5204
40.7437
64.3939
23.4306
35.2696
40.9134
27.376
31.3659
25.7726
16.2709
18.8556
19.0554
49.1955
43.5601
15.3803
17.2905
36.5346
36.6596
36.034
58.3643
39.0659
26.9061
20.4992
59.6846
21.2031
18.7222
12.182
16.743
36.8071
8.5168
27.9356
32.4392
51.1238
32.2953
55.8736
24.4089
8.44911
64.456
77.5295
20.1182
16.1352
30.5461
11.0284
38.8257
53.9263
28.5958
33.4126
33.2878
19.8303
37.0332
35.8545
19.197
29.8592
14.2611
30.3393
29.9766
12.9024
64.9859
49.8377
24.1323
25.8423
20.2193
58.327
26.8222
30.3388
33.0196
35.9658
56.8342
24.6431
45.2011
41.0067
28.9077
64.0433
22.7449
40.0029
34.3374
23.0918
45.8097
32.6487
24.4982
27.3057
49.3854
10.752
40.1428
18.7828
52.5254
19.4727
34.5225
9.0827
61.3159
70.0944
52.6646
40.2999
43.9736
34.6057
23.4654
38.3897
22.8302
41.2562
26.8296
40.3061
37.0567
15.4189
49.8193
41.414
15.2722
23.1858
25.4788
46.4971
29.8133
48.2137
50.9498
15.5832
52.3761
8.21046
6.76388
16.3877
16.7557
38.9102
26.9641
31.2226
33.7368
28.7387
32.5472
40.8074
35.2148
36.3391
32.9472
36.6842
44.9555
23.0238
34.8365
38.3356
24.1248
35.2373
53.1411
38.605
38.414
42.6275
35.8205
23.1633
17.5009
34.77
35.4324
27.6947
34.4435
44.0507
16.4953
38.7563
31.1779
22.756
32.4787
18.6148
15.7394
38.1889
18.1753
37.1397
24.7046
32.2379
17.2778
26.8355
16.1773
26.8989
65.2437
9.09418
11.8339
17.5412
47.6173
22.7634
89.7767
17.7165
26.8337
12.0643
28.0335
15.7079
20.7091
31.2916
27.9016
32.1851
17.8846
48.1846
50.0146
10.8439
15.3609
55.4363
15.4677
18.1235
14.4837
49.278
53.1457
63.5949
10.6207
35.6464
25.305
50.9329
26.5039
37.5876
27.0481
49.4191
52.9815
36.1015
17.2302
27.3894
40.9777
24.0357
8.09321
23.9874
22.3647
27.6271
36.6595
31.7768
27.5156
28.4778
43.2954
36.3477
37.8695
17.746
33.0817
22.324
38.197
22.2064
20.6163
41.7851
52.9208
59.5035
70.7034
50.8038
65.7905
29.2867
35.2065
39.6194
30.8214
19.7149
34.5249
57.0177
30.7859
45.9128
12.5039
45.3446
41.0188
27.943
28.8684
18.9716
20.2049
26.6079
38.1578
43.6565
16.6534
55.7424
53.4627
30.6739
13.6161
32.1567
58.827
18.687
49.3995
42.1713
41.7819
44.9086
29.8376
18.789
55.8977
43.2907
7.20649
31.3883
44.6684
34.4081
48.0528
8.57903
40.8541
37.03
29.0764
53.7842
9.37714
37.7161
16.1583
30.1946
46.5129
39.636
22.241
53.63
35.454
40.466
10.4197
23.1387
17.4896
61.6565
30.0756
11.7532
37.6635
29.2324
47.9359
20.9954
38.1695
50.0155
47.6398
37.8665
15.5989
18.2061
46.0859
41.3496
40.7527
25.6593
33.1478
15.01
63.1632
28.9761
25.6285
25.3461
39.9228
36.888
23.3966
23.501
27.1153
36.5303
25.3422
15.1169
55.0701
13.7021
21.5816
18.0751
20.3081
37.1826
29.0848
30.4641
20.324
39.458
28.3594
47.1077
22.4272
50.7829
41.7783
32.2152
34.498
19.1325
65.3736
23.8951
27.7877
59.726
32.8992
25.5075
28.2681
43.5224
33.6336
45.1273
32.5015
45.4482
68.3953
38.2393
22.8086
63.5864
34.6819
16.0531
36.0067
31.8892
30.9184
26.2306
23.1075
65.4843
19.8316
40.0872
24.3665
23.8135
37.7089
29.7322
9.20651
19.6979
45.5719
30.3816
45.6332
23.0238
12.4835
40.8312
22.7383
17.2052
32.1033
19.2726
39.6482
55.3667
35.9768
41.9346
17.5675
38.4552
22.8786
58.3138
12.331
18.8384
22.2402
42.6071
52.8279
47.9548
36.4387
32.9355
27.4856
30.6973
53.919
26.9903
33.3391
24.7602
54.5107
28.1374
41.4801
23.3947
51.6919
32.5048
35.9184
48.5531
23.3926
36.0869
33.0625
59.3641
35.2892
40.8947
32.5947
23.6818
31.8465
35.813
26.6771
27.5413
46.9824
60.6621
22.4475
25.9372
50.607
27.401
35.3356
28.5143
73.8108
53.1694
8.78562
32.7705
56.4632
49.6863
26.3693
38.7285
14.3223
39.4559
29.3692
21.1063
37.2066
52.0721
31.6812
31.6793
23.6867
16.5689
45.0916
10.3564
23.5918
51.6315
15.8256
63.0222
44.6931
31.7278
34.5192
36.222
25.4849
59.2757
55.7568
33.4092
35.6818
24.7995
36.9621
48.0348
54.7113
41.1698
33.0856
43.6022
33.7988
41.5318
28.6193
26.6116
36.2582
46.7952
23.3505
65.9563
30.7826
30.7388
25.6859
2.19227
53.1877
48.9634
46.3199
42.6103
31.2825
42.4797
24.7332
34.3881
12.8601
29.7227
47.0007
28.7214
36.4744
72.2203
18.4604
44.8301
61.0528
17.3876
20.2005
49.2385
18.6769
46.8419
19.4968
33.561
29.774
67.9855
4.57387
57.2054
38.9072
34.4816
46.0632
48.3047
17.9233
39.2962
37.5582
35.3195
39.7218
46.8997
62.0738
37.9757
64.0268
32.701
43.0977
22.1397
58.1869
22.9922
50.5883
28.1635
49.716
47.3203
60.0238
39.4887
35.4145
29.565
41.2502
67.532
30.4519
43.0134
20.2599
9.36155
57.7195
48.0436
33.3175
66.7795
20.7341
19.4948
36.6396
37.7666
13.9696
32.5281
36.9329
34.3372
23.7734
53.416
24.3063
41.766
16.6252
30.449
8.62864
28.9203
24.8266
65.7857
35.7926
40.7947
39.0944
10.3715
54.949
34.0742
24.0788
36.1619
50.6359
15.8345
29.1444
42.7187
16.3448
26.279
27.5631
54.7811
53.69
42.2952
6.08291
32.4074
5.80358
34.0503
21.6953
8.91609
8.36541
31.4471
19.6993
20.0255
35.7701
31.0903
58.5828
46.6956
18.6224
34.4951
32.9095
14.5382
19.0502
39.1301
29.1908
46.0233
13.7217
22.556
46.4505
50.8722
36.3241
13.0174
34.7261
60.2161
36.6963
39.103
31.9682
9.78235
16.3105
32.8868
35.7441
34.4449
44.6852
28.915
21.2914
13.4035
54.4049
61.1996
35.4656
34.0011
30.1532
42.5658
55.523
18.9348
21.8993
49.523
20.676
18.4448
44.0403
27.5096
20.7834
54.0035
17.9087
25.5331
32.6047
15.1442
29.3324
43.5608
35.8693
32.0457
56.3196
46.9319
11.6832
15.787
18.4489
67.2573
19.352
39.6364
28.9606
35.309
42.1149
29.2957
60.9857
12.2285
33.5834
38.4863
19.7702
38.0969
40.1035
42.6271
42.5562
51.392
29.3194
35.4292
34.5927
21.2672
39.8752
28.4299
63.16
43.0796
30.3137
64.0276
35.3905
24.7655
45.2272
6.30399
32.8458
19.0723
36.2562
24.3309
30.9879
20.9097
37.9947
43.47
12.7044
20.4821
16.8738
25.1315
35.9494
38.3628
51.18
33.0977
27.8225
41.1338
23.849
17.3665
33.2523
38.201
64.6981
12.3013
33.2984
19.4173
6.79136
11.426
38.2761
42.9951
44.6929
20.1632
9.65705
33.8699
54.4431
56.3718
38.9552
43.1979
57.6888
32.9519
37.95
43.0904
30.9809
29.5091
6.06388
14.8055
23.8731
43.8601
35.836
48.9661
32.8583
32.8612
10.429
34.6868
40.9132
53.1317
62.6262
20.2587
45.5096
29.2003
27.7322
54.2562
31.3122
37.2227
13.8782
25.231
21.1985
26.3511
43.1874
36.0776
50.5757
38.3615
14.7311
43.9878
23.048
21.6081
34.3678
78.0331
17.9426
46.8015
44.5335
11.3132
44.6133
45.31
53.7505
43.0186
50.4397
47.5888
17.6854
31.9808
29.2991
46.4327
34.7864
28.6874
50.7585
26.3719
19.2733
19.6727
25.6615
35.0468
40.3826
32.2144
26.9676
39.6
15.8013
20.6057
17.2826
6.73907
32.216
42.8402
30.9094
17.9559
33.3194
57.1234
44.0514
54.4456
4.8662
45.4877
26.3932
30.1471
39.4689
17.5197
29.3776
36.1457
43.3047
39.7081
11.6737
40.571
20.439
35.1879
29.6543
38.1448
45.5943
35.3483
14.9313
15.6106
42.1492
14.7791
41.7137
64.6653
11.0116
47.5482
39.7707
54.7182
42.1596
13.7922
63.113
31.4135
28.6188
34.9746
40.7515
22.7988
39.9978
36.4116
14.4804
4.57816
22.6008
16.5211
16.9107
51.5718
42.7848
31.6893
45.0558
27.2551
14.4117
29.2057
24.8612
8.52855
32.2473
36.6808
33.2246
55.3265
30.4431
72.3502
49.4732
26.389
51.9099
22.2687
42.2154
13.5132
31.7337
21.7015
33.6797
42.4149
11.9243
41.4242
33.7241
42.0537
67.8325
27.2546
40.6887
23.4421
8.43348
2.83333
48.7784
18.5575
17.6497
45.5859
21.7493
47.0534
29.0407
42.3716
28.2547
35.6789
22.2002
49.9746
50.1995
17.4749
35.5918
31.5448
24.8599
50.1982
43.8712
42.1374
37.1724
30.3269
65.5537
54.5549
23.8053
46.661
30.2247
53.2074
32.8881
21.5417
23.9468
34.247
33.9475
53.7732
51.4513
24.8674
40.2189
14.6177
22.5135
46.337
32.0576
24.8226
19.8176
23.4089
17.3688
24.7986
58.1766
37.2735
43.1341
51.3241
34.1669
25.7657
58.887
59.8494
43.5307
33.0673
11.3582
47.0828
54.2797
8.79957
42.2274
16.3403
21.7154
24.6114
28.7317
42.8074
64.0464
17.4596
31.6565
40.7939
23.9579
21.9299
34.9149
6.261
22.0863
28.2014
35.7375
23.218
28.5586
16.2314
38.3904
32.2013
30.9075
54.1296
38.3604
31.7933
39.0882
16.5346
36.1542
36.0617
6.82054
61.7461
35.8529
32.9999
16.1556
5.2555
33.7581
11.5267
35.6386
43.8268
52.0536
32.3411
25.999
14.1656
28.0954
19.8774
16.7188
7.63472
44.1172
45.3618
50.1116
12.4846
35.4816
19.2733
17.5089
26.0811
45.8125
16.0806
17.1557
36.281
24.9548
22.7408
24.9173
26.6508
71.5269
41.1706
27.5212
21.9779
14.1304
14.6802
44.6016
65.3905
47.9511
22.5005
66.8756
53.7341
13.6603
44.3992
40.639
45.4376
45.8716
57.3524
27.2868
28.9171
31.9028
33.7595
44.6312
33.3518
40.7654
30.963
14.9599
27.7063
31.9515
22.9667
12.0461
46.2125
38.4592
14.4517
43.5225
17.2268
32.5333
28.2156
17.3586
62.9142
14.313
51.6828
18.9598
57.6919
28.1637
44.697
29.295
28.968
4.62622
55.1001
51.113
42.0035
32.4619
54.6343
46.7603
8.97842
68.504
20.9004
39.3954
33.4649
21.3421
62.4447
28.4667
19.8757
36.0741
44.5433
43.1298
20.8876
36.0228
30.0644
15.2174
40.1813
29.6511
39.0895
33.5453
35.3648
42.4276
36.7066
21.1567
27.8113
13.7967
31.3245
20.0273
41.7923
11.6725
20.4994
13.3842
24.2584
35.7778
35.8135
51.7831
58.2238
31.1772
48.4631
46.5979
19.9055
43.0244
19.4688
29.0617
24.9165
21.3934
28.388
37.1989
23.4071
28.6114
53.7995
48.0696
50.3743
12.9392
16.7602
29.1773
23.7245
20.3132
32.1181
41.9097
27.9785
6.03185
44.9854
28.5457
20.0204
15.029
53.7531
45.9523
60.4911
52.3795
22.0707
10.4407
58.4752
29.7205
29.5374
45.0511
18.3621
25.9043
26.653
47.7126
22.5726
47.3348
29.8868
21.4726
18.7912
40.8943
39.0786
20.8201
28.1823
23.1212
59.8138
42.4443
42.7237
28.2635
25.5952
23.2654
25.805
36.2924
28.391
19.7798
33.3858
38.4147
45.2545
40.3116
34.1748
46.1343
38.3753
53.4053
21.0755
44.3237
56.0015
18.396
32.0519
36.5691
26.7401
42.9609
58.0684
58.3944
31.5884
26.3169
21.9059
27.9527
30.3512
33.9795
52.2866
57.475
15.3619
24.36
45.2182
55.4172
26.1544
42.506
69.4115
20.8911
64.5446
38.7641
46.9218
10.4716
50.9885
22.1361
46.3053
44.104
55.72
33.95
50.1249
29.6828
24.6189
33.5405
25.0141
25.869
40.4569
21.0631
31.1714
53.7397
31.3497
60.5022
29.6918
36.4513
18.9592
14.9424
25.3969
44.8533
12.1186
16.9791
41.0359
27.879
40.9536
47.1143
23.5842
28.7804
50.7967
28.8696
34.2356
43.7542
37.1396
19.4704
36.7041
17.7598
13.9057
46.0455
29.4119
34.8143
18.169
24.129
31.494
82.3469
51.5134
13.7402
12.5063
35.7945
17.1238
50.105
8.75255
37.7986
44.9829
22.5697
12.0695
32.0419
50.2711
40.2737
37.6647
31.9721
72.4484
33.7792
27.5651
13.6635
18.7247
28.5146
39.872
23.4865
34.2089
40.1439
35.4305
27.8357
24.627
16.9412
16.4749
22.0997
18.8113
46.4376
42.6575
49.243
44.8334
24.2787
24.001
19.6824
50.1018
24.6069
22.2307
67.3084
35.8094
36.0263
85.0418
58.0134
34.0692
37.0406
15.6752
38.7785
61.6126
58.2422
28.5215
32.0852
38.7753
48.5308
43.9213
27.4178
26.506
29.719
17.7455
51.8569
49.1337
25.6895
50.8789
53.1971
33.0128
18.9833
25.6203
63.2737
44.385
24.4074
26.8711
43.7333
37.9643
45.4228
16.8301
5.23127
45.8008
65.1885
54.0551
57.5932
26.7786
28.1784
44.2107
29.1868
23.2827
42.2972
29.4642
34.9621
19.0359
41.2126
51.8343
43.7478
20.4878
43.7932
18.5284
36.9503
37.7774
40.8984
61.8409
33.3229
19.9435
40.5539
42.3341
14.1385
70.6345
50.3677
38.3647
39.7933
42.9794
30.6186
35.6301
14.5975
42.1029
48.473
72.3512
30.1768
21.3029
41.431
26.8754
28.7118
24.3542
33.3689
43.4625
38.5668
22.0452
26.9155
60.6541
28.5513
28.4602
29.6332
44.4427
32.9074
51.748
10.0797
35.1216
28.555
46.4575
18.3789
43.2422
30.1675
42.9544
37.5317
32.7834
36.4
51.1578
20.979
43.4414
15.5129
35.0974
33.3429
20.539
41.6059
16.2877
45.0731
42.4116
36.6472
51.0293
43.7353
28.147
36.1249
38.3515
30.0333
26.9498
46.4647
29.2197
42.5667
41.77
36.7845
41.4797
50.0844
31.271
23.9719
22.7291
29.6166
26.5625
46.801
46.9211
42.4389
24.607
34.8966
14.4994
55.9556
59.2717
17.0584
49.8813
44.4521
36.8032
38.0106
42.9316
26.9984
63.2414
39.2664
48.7424
50.4358
45.2908
10.6221
41.6817
68.8029
27.0171
21.1789
25.6855
18.9866
44.4716
31.744
41.2061
21.2747
33.1002
42.7572
55.4677
39.4464
13.0271
23.0129
37.0601
29.439
41.7608
41.0412
30.5263
46.742
12.8562
31.4282
27.0159
29.379
37.0576
17.0557
39.9227
43.1296
45.7931
51.9612
23.7239
17.2237
49.1538
16.1221
26.9345
26.8628
31.134
37.3033
35.5074
29.8809
5.62303
64.5493
19.7889
42.8303
44.3792
23.4297
36.6815
51.9191
47.9349
59.6608
19.1997
11.2928
37.5763
17.8732
67.1443
42.505
44.9088
25.6008
34.7203
19.4842
30.1973
11.4619
34.8629
10.4004
25.8225
47.6462
68.7596
22.5811
27.9862
30.3651
34.6993
31.7972
56.4128
45.5023
23.8111
29.2807
17.4439
23.0812
10.6093
37.6657
33.3386
14.8526
22.2519
28.3329
18.491
45.614
23.2032
44.4375
35.3728
21.6565
39.5109
32.9389
31.1885
22.2661
12.4206
35.2359
57.6069
17.5437
39.004
52.2029
21.39
41.5368
55.1561
29.0027
23.6995
19.0545
20.1626
50.0738
47.6394
44.6647
13.6601
35.5987
58.088
40.3642
9.85971
16.6684
51.0411
28.3353
40.7583
22.9519
38.3453
20.7904
43.3891
26.8589
23.0113
26.9684
46.658
35.1488
25.6155
25.2089
21.1433
26.4813
42.8959
60.2216
34.9668
44.0706
37.0952
29.9838
48.1961
26.7992
30.7554
54.8855
25.9927
30.887
24.3409
26.2075
21.3089
27.8688
32.5943
32.6527
50.4216
26.4486
39.3455
38.0037
43.1658
61.1984
40.5459
27.5256
39.2409
23.5562
30.4207
29.4865
42.9648
2.35616
38.5554
53.2208
20.1477
27.1222
9.89774
65.2446
29.2957
47.5744
63.6592
22.2817
50.3905
51.0384
62.0527
24.6503
46.2216
36.9529
29.9859
25.0565
51.2335
14.528
25.3954
71.8594
47.9485
40.3201
13.1564
44.8202
42.4513
53.4793
14.8656
24.2429
14.677
69.8513
8.35256
15.1611
72.3493
43.5508
43.3108
11.95
59.4467
36.3293
12.7087
22.2304
25.7788
29.5325
25.7894
49.2436
48.2392
35.0748
31.1368
60.1465
49.5125
45.5572
49.5618
32.8653
34.9109
27.5034
28.6975
21.1319
48.3499
29.1192
47.8753
21.1397
69.3525
42.1925
24.9937
19.3061
27.4566
22.9097
33.1655
22.0667
56.5136
34.0955
16.0652
44.6016
43.4434
9.00405
34.1376
23.1124
62.5709
14.0089
52.3286
76.344
46.3195
47.5387
68.5101
35.9118
41.5918
31.2966
27.2214
28.3106
13.7271
49.1353
21.4606
43.6012
37.4086
26.7535
61.5294
45.8402
32.3332
34.2541
27.2061
23.3178
32.4728
22.9988
52.5043
56.8397
37.855
39.3639
47.4063
13.7038
32.1135
68.9884
13.316
32.7873
51.7222
39.4247
47.3216
56.707
38.3222
38.6554
51.1345
20.7327
9.60262
65.5063
73.8832
23.5363
34.8566
45.5807
58.5306
49.134
37.6707
55.6289
19.2014
44.9072
17.9363
12.5224
7.91396
29.9696
12.9551
33.3544
42.7826
38.6448
12.2044
26.6254
68.2783
21.7589
37.5338
41.1151
40.2351
58.2401
53.9478
26.7468
39.0368
27.8035
53.7087
55.9004
25.9046
45.0286
59.2177
32.1458
31.3545
37.922
48.1651
46.269
10.3191
33.6202
18.7203
42.7339
39.5637
37.2973
23.7834
26.7941
32.4168
11.547
29.4776
22.8327
30.1534
58.9504
19.847
33.1121
24.1934
27.0982
20.925
59.9905
51.2248
41.3569
41.9745
21.1255
38.6379
24.8118
13.2871
37.9697
55.0276
53.2924
36.4563
11.6665
57.9747
14.1552
15.4146
28.9439
36.6392
53.0607
64.1432
26.7568
29.7368
29.0175
15.5928
16.7689
48.3849
26.7859
51.7394
34.308
41.1224
40.1948
33.0292
44.2497
27.6139
40.1787
67.6701
25.8635
50.1022
28.4453
34.8104
17.2531
34.5889
35.8912
40.9731
32.6217
41.8754
49.8232
51.3056
23.75
47.8636
18.4038
29.2992
38.3438
44.8362
15.7104
45.9306
73.6164
20.0394
11.3986
16.5258
60.5585
53.942
43.4418
37.1497
48.7971
28.4043
43.9617
26.5806
38.6804
33.6239
18.4067
33.0989
69.7861
19.7534
22.1144
54.8736
19.5626
42.9357
27.9643
41.2703
25.3904
33.4293
56.4339
39.8506
12.2382
23.7858
35.4769
21.893
37.7664
52.3577
30.3091
37.3013
20.5369
44.0303
47.2713
40.6821
41.2221
31.3929
45.6585
25.4652
7.43391
33.884
43.104
40.7527
41.9936
73.1946
33.336
36.3093
46.7351
48.3113
39.9223
28.0737
45.2784
39.4421
49.1436
33.3861
56.499
46.6243
32.8927
50.6425
23.3904
51.4845
38.6605
34.8827
22.6403
22.7354
42.524
47.8096
42.4619
29.7532
30.1109
44.7085
26.2008
67.988
55.6314
25.8859
45.47
18.8514
48.0503
25.2163
28.4786
48.4054
27.7428
33.396
15.0193
42.9522
29.3689
27.9865
21.0303
52.8704
26.6538
26.6337
33.8718
29.4362
20.6486
28.9901
25.7077
61.7025
38.3283
40.2338
34.0691
19.0245
53.1815
46.8654
36.7771
29.4548
28.4939
17.7988
39.9522
24.7894
17.6589
32.2924
24.937
44.5584
28.5134
62.8761
36.0065
16.951
52.9239
16.4731
7.26965
22.2135
17.6253
35.2578
57.0429
40.1504
24.6319
29.5953
25.9042
36.4154
50.0531
37.2563
52.2151
36.8775
14.7811
56.9477
38.0668
28.2304
51.7761
28.7919
31.7077
45.36
45.2776
33.299
28.5255
47.0472
47.1001
25.648
48.5737
21.6508
19.0682
35.7088
34.8791
49.8792
29.4062
47.8336
25.3609
36.0617
54.9168
20.4841
33.21
17.65
43.3945
32.8176
36.5242
16.3921
29.5732
11.2261
19.8619
32.148
59.597
36.8634
19.9257
56.6448
28.1216
31.6211
38.6173
50.9042
32.079
33.4655
21.5322
16.8988
20.4508
44.7716
19.2014
12.4286
27.2365
43.4614
30.578
16.413
33.8968
31.1103
33.4828
17.5273
41.4423
26.5274
61.2001
25.0655
35.4525
15.2882
26.6245
38.0981
28.935
12.5097
31.5431
36.9556
25.8586
46.9311
12.4327
52.1223
34.5084
21.5287
28.6347
40.7894
43.4942
31.7408
40.0907
31.3376
23.9336
28.8619
44.8828
22.5766
45.1768
25.4881
28.5913
34.1239
40.5307
16.6914
24.3187
56.6925
47.0218
14.1686
21.4962
39.6918
15.5028
34.0824
37.538
41.2578
81.0965
47.0241
7.84518
69.3897
20.087
34.8895
48.9789
18.4681
28.0603
21.0264
16.7625
14.3758
40.5166
53.0457
48.051
22.932
41.6951
28.444
42.9233
28.2467
26.2897
52.0885
14.8767
25.0829
23
21.0517
47.9738
38.2377
54.6885
7.53356
49.8505
14.2999
53.0627
31.1019
23.7171
31.0014
14.5308
9.82381
50.4335
27.5175
16.3878
24.9679
52.8739
26.147
78.8875
39.6295
23.9661
41.7697
27.9734
45.5422
43.9268
38.2985
35.5367
32.1823
68.5564
26.1345
20.5366
24.6499
27.6689
31.2465
18.2095
41.6131
22.6466
22.4253
44.8997
27.0446
31.2013
38.5041
29.0781
31.3909
49.4304
19.8304
6.6434
25.3799
26.4165
39.0057
41.5465
27.3023
26.6134
24.2046
43.7248
23.7007
32.3616
24.5508
49.058
49.4266
26.6386
8.40709
40.2692
28.3083
33.6893
25.7299
57.6764
39.0181
35.7282
33.6029
35.4282
69.2139
18.8673
61.4138
64.7372
39.1604
36.7871
28.644
7.5731
29.9254
18.5014
59.6617
32.4104
31.7547
19.0355
12.008
23.9328
36.9227
26.7296
25.5687
22.9925
20.4411
27.4345
36.6354
38.7267
44.933
22.1547
58.7862
23.213
39.8367
38.6873
12.7043
35.3306
35.5978
48.292
23.9183
16.4842
42.0807
26.1451
9.33958
15.0585
23.0901
81.1333
22.2777
33.9755
60.4856
25.4561
19.9676
36.7832
21.0971
13.0744
52.2044
51.1901
44.5985
25.618
25.9912
31.2551
40.7439
13.3627
22.2523
21.2012
27.3529
47.8994
8.56611
38.0453
38.6026
55.9401
20.2635
36.0091
56.0878
31.8306
13.7815
54.4659
58.8612
28.0062
49.6868
27.8166
29.3337
14.4539
31.829
34.4953
50.6195
39.0641
10.0942
26.722
28.2382
36.1296
15.0272
30.4056
28.4072
38.68
35.3652
33.7425
45.9081
15.9142
29.3625
23.7346
14.7389
39.0031
15.773
19.6169
12.5561
12.5401
17.5933
7.65048
50.6039
32.0075
41.3964
47.4314
62.9434
34.8637
45.5382
26.7613
34.9077
21.8646
15.9887
43.4005
27.5747
38.1423
50.512
24.1296
48.7781
54.787
32.6119
25.6757
29.912
22.899
12.9496
42.0167
14.1089
28.6767
30.4539
15.8283
19.9993
13.251
27.5224
60.3326
19.0626
17.6139
33.9667
22.358
21.2546
38.6306
32.0995
36.5155
36.8071
32.5243
39.8951
33.1066
15.9899
33.3047
26.4649
41.0509
30.4446
23.9556
47.1016
15.9796
55.7723
55.4415
16.6579
32.3952
47.9004
31.734
53.2818
7.35871
35.927
45.4904
20.3355
51.9544
43.9993
21.7114
20.9099
33.8641
64.6321
7.05792
35.295
22.2
39.7718
30.3859
25.1969
34.5349
86.7769
26.8741
25.6599
17.6435
46.5831
45.632
20.0718
34.6018
31.0793
38.3354
36.6324
18.1817
22.3286
12.4622
14.0548
36.7125
38.0803
28.7775
24.5129
11.2206
22.15
63.3792
18.2806
29.4109
54.7446
12.5728
15.2537
29.6453
35.0142
17.5134
34.5829
62.7551
15.365
22.926
56.9551
42.1109
28.6859
56.8851
45.8441
27.8155
29.2953
53.5868
28.4052
43.5925
42.1227
41.9955
69.4218
21.7307
22.2178
38.7648
28.3598
21.9014
15.1555
36.0313
28.4512
32.3359
27.6446
23.5231
39.4296
37.261
31.0069
52.7052
54.7924
24.2636
36.6842
13.1671
33.3535
13.3793
29.441
25.0079
27.0707
45.2032
52.4772
26.0621
48.1137
38.3074
32.0485
14.2284
52.2091
21.5883
20.3608
26.8701
45.587
55.7562
35.9569
34.9028
32.4706
19.3785
55.8456
13.9115
46.9704
48.3879
43.9276
31.4715
49.3627
40.2437
41.2339
41.0046
18.1192
19.7612
25.5919
48.9162
26.8745
68.0064
44.6504
47.0001
38.1183
24.3177
24.4317
10.1841
49.1667
12.3691
41.3262
42.574
27.9675
45.9604
29.9052
16.276
10.1297
40.7641
28.136
27.2339
19.0793
20.0612
45.2932
34.5958
38.7372
12.2979
28.7792
32.8017
45.613
32.8618
26.27
26.7266
57.1459
31.035
45.7594
26.0209
18.0958
20.2585
42.7437
58.1091
20.1863
33.5047
39.9393
41.1788
26.8821
32.5067
34.9419
46.0825
64.4015
15.836
32.3483
27.7589
62.8697
29.2985
16.2063
37.3391
19.0578
15.6304
22.1769
6.78523
8.13285
22.0761
31.802
36.6066
30.1915
38.5113
21.6538
53.6977
16.9608
7.84542
28.0719
4.73389
32.2391
22.3699
24.7324
22.4785
48.3067
36.1892
68.1274
47.9811
59.4143
36.3972
40.8196
26.8355
38.7838
30.4195
43.4553
17.2602
23.1749
39.9104
65.1248
45.1698
46.1798
10.8323
51.8097
44.1792
28.4711
36.4282
17.9491
30.8578
49.2179
14.1315
28.6685
47.5612
35.4905
43.3434
25.3635
19.6537
57.6374
35.9802
19.9803
25.9652
56.6042
36.7803
20.354
53.2805
9.65083
12.5756
17.5269
36.0113
24.0991
21.6197
24.6867
38.2868
28.4008
33.3985
40.9185
71.7631
39.8844
28.0702
46.6401
27.5655
22.5769
14.4481
50.8144
53.929
70.583
17.9425
26.348
26.1746
27.9944
50.5819
38.5514
32.8279
27.2784
12.9396
25.6094
23.9543
23.1376
13.8837
19.152
42.5079
13.0949
9.16881
29.5725
38.9109
41.6067
21.1549
44.847
51.4575
54.5891
66.5979
7.37236
16.656
38.7831
25.9818
23.6355
56.7433
27.7192
38.6402
29.0781
19.5795
38.9815
21.1751
40.7125
45.1081
10.0578
38.8498
28.6359
30.4753
27.0095
64.2317
18.6088
18.4773
19.0326
46.5301
36.4507
46.4574
43.3299
17.0342
54.8627
55.1018
29.0903
25.7632
27.1185
33.0373
34.1304
25.5196
20.2751
39.9222
30.4826
26.2836
31.2995
24.6793
58.3121
31.4782
30.5782
30.9377
48.2033
32.3021
61.3782
38.9889
36.8171
47.6
51.7253
17.6941
20.5616
32.8532
28.2128
23.1919
17.2001
51.0618
24.7956
1.36792
35.0853
36.2973
45.5094
13.4237
43.0454
33.7105
31.8441
31.5954
29.7773
26.427
44.5226
34.5486
31.6791
35.9837
58.0604
47.9626
17.1223
25.1286
44.0831
24.3055
17.0673
39.2967
14.6196
26.0784
39.4405
32.6165
49.6617
40.4615
34.3544
17.3506
50.0816
44.5712
64.9651
26.5526
37.9464
63.2434
21.6397
37.3917
29.8279
53.4822
48.0328
39.3813
32.461
27.0936
57.9109
8.48817
41.4823
34.4123
39.6942
36.2427
42.5858
11.3953
56.9227
22.8991
55.0439
20.026
33.0759
36.4932
35.5872
38.1925
14.6611
22.5981
25.871
12.2351
26.6878
40.0433
45.3052
34.3259
34.3446
37.972
40.0312
56.5152
17.1284
44.0706
60.9365
48.1176
36.19
44.8678
12.4794
25.4212
31.3891
27.3321
33.2973
59.3314
27.4209
24.8526
47.0491
20.0276
23.5518
48.3227
33.0271
21.8793
38.8156
25.1111
19.6742
37.1228
44.6332
33.9257
32.4099
30.4694
30.7461
18.7088
27.8028
51.6947
20.8039
45.5782
21.1308
46.6115
50.9597
46.4871
54.6277
35.6606
43.1441
27.4773
32.7485
34.8221
28.0613
6.29159
14.9798
44.2852
75.6604
46.0844
39.1498
24.2015
14.1821
40.6491
33.6281
22.1653
21.8304
28.434
49.8576
52.4722
41.2747
66.9241
21.7242
18.0906
22.384
16.6559
53.9756
35.5287
17.3999
58.6566
33.9837
19.9736
48.5584
5.29446
27.3715
50.5373
59.3965
47.2817
41.3072
18.6374
40.7524
19.519
42.9752
30.8351
18.1767
15.9354
50.7265
12.6265
29.0416
13.7636
47.1574
43.4638
44.9066
73.7753
38.3839
39.5452
13.7939
47.8486
27.3292
30.2588
39.3581
43.0365
45.0141
35.2026
49.0549
26.3946
8.42018
33.5394
26.1061
47.5618
40.7051
16.095
45.88
43.3639
21.4186
24.0209
38.2665
28.2672
24.679
26.8929
21.1623
37.3482
16.1941
38.9952
23.9192
25.6017
44.9746
32.2591
71.6713
33.2995
39.752
59.6877
36.8225
42.0687
29.7294
7.8246
24.0495
19.1112
40.9556
37.5284
37.7228
23.4454
31.9477
14.9295
53.8401
20.2813
22.4216
35.4571
47.4199
22.4523
45.0599
28.1001
36.0298
58.9967
40.5
29.3001
26.5333
37.6093
41.2181
19.9196
53.7166
49.557
18.3395
69.3098
33.2018
39.3707
50.5013
38.2958
25.4036
16.9847
41.6804
59.5746
24.4253
28.1963
21.1832
31.6584
26.705
15.8877
28.6179
42.5904
42.2845
38.4297
27.79
17.3263
34.0303
20.2758
36.3399
49.5013
43.9353
32.7061
46.2458
16.0799
41.0737
42.9044
32.3587
8.26284
19.2075
51.4757
45.4281
55.8885
33.1236
25.0546
30.7489
24.6426
32.731
41.7428
33.8731
56.4936
14.236
25.0411
23.3824
19.3402
37.47
30.6485
30.9338
42.5017
22.9912
39.3227
31.0582
32.8198
34.5017
23.619
39.7428
59.6223
44.4252
35.7374
38.2473
36.6389
24.1088
26.0163
48.7867
36.73
50.9017
38.8385
44.1663
47.2363
12.5382
33.2794
31.1674
55.318
13.1312
23.5744
29.8731
24.4519
69.8008
17.0554
27.492
34.0731
30.172
28.181
10.0346
16.9117
47.6803
35.5455
34.9065
55.7654
41.638
36.3776
41.2026
23.6106
22.6689
48.0953
48.6151
15.7205
41.0963
21.7569
59.0083
13.2562
47.2654
58.7564
53.0895
57.1494
46.6137
35.8565
7.99986
39.1393
23.9922
19.9526
37.8503
25.5433
47.4343
17.1217
52.3476
23.8817
53.1412
39.7956
44.7471
45.4105
19.1816
19.7087
16.7258
38.7374
55.3116
53.8226
54.2074
64.544
53.9968
29.6451
26.6324
56.257
48.0113
35.433
34.8348
19.3075
9.27021
12.7042
41.4737
42.3526
38.1586
33.4383
47.5575
18.646
55.3968
43.0974
24.9069
30.4372
23.911
38.4348
47.9191
44.5257
68.6975
77.1685
39.3896
12.2345
45.3216
26.9355
20.2075
52.1805
24.0852
26.6139
27.0089
27.8393
12.7109
50.1825
25.0305
22.54
27.9352
27.8213
19.6357
11.0066
38.0248
44.0121
40.4
36.7062
20.3492
37.2967
52.157
31.4448
31.0136
45.6147
26.1443
49.6451
28.5074
18.7607
22.0208
36.3819
22.5423
65.1109
15.7155
30.9607
17.6354
34.3796
37.7764
49.5023
60.7515
53.3399
25.9213
52.7026
52.9585
19.1419
61.7061
42.6246
57.4915
34.5017
29.5434
56.1179
33.2772
29.6504
30.0195
42.8156
26.3775
26.7092
14.3157
37.7553
14.1315
22.9738
10.0402
26.9169
19.3602
54.3195
33.7176
39.3743
67.0444
26.8246
27.4117
37.3513
49.3291
60.1872
17.0114
43.0097
21.0945
35.8942
20.0391
23.0142
50.6728
23.4402
36.2235
61.7985
53.1647
24.7429
20.1297
50.6529
30.3215
27.9472
25.3924
9.84978
37.8313
50.8087
25.7894
17.2252
22.2073
53.8987
44.8265
15.0796
8.53997
35.3057
16.9417
36.8344
52.8978
34.8586
44.292
25.8284
20.037
40.8353
39.0277
36.952
11.1702
26.3161
43.8683
32.6327
27.7552
41.8519
29.2404
56.0144
41.026
68.3646
31.5907
34.9185
15.6104
23.4923
45.2242
27.1828
60.374
33.7146
20.9416
29.1268
46.849
35.5269
19.3725
19.7993
5.89855
43.8789
14.8916
37.8426
47.5474
36.9377
31.1433
33.3198
25.6756
23.8695
50.1202
31.8509
15.1773
81.3256
31.0386
42.3616
26.1775
35.2379
57.7771
33.6657
62.2563
30.3554
27.521
11.7146
13.1025
41.1227
12.5637
23.1784
39.3625
28.3327
19.6372
41.2182
22.75
33.9871
43.0747
49.115
55.8059
11.5184
38.2752
23.7218
31.2456
16.4653
35.0484
46.6213
24.047
44.5802
17.5812
45.673
35.0999
15.4527
28.4342
51.4685
17.9021
32.2871
10.1544
42.0825
32.392
35.3456
43.2695
38.7162
40.4966
45.9892
46.7084
27.7253
43.6556
19.853
42.741
56.3338
34.3208
56.7863
17.2321
37.7314
42.3814
32.6221
32.5383
21.0017
26.5265
18.3
21.166
31.3025
30.0606
8.70521
54.6651
33.0219
62.3151
60.9146
26.625
30.3965
22.1916
24.5724
51.5354
15.4154
25.9569
74.5356
57.9514
44.4018
53.3254
20.3379
46.7802
42.7282
18.8149
48.1918
53.3228
35.5128
30.1298
45.3096
47.7669
21.4191
32.5692
16.774
11.1157
24.9347
38.8181
22.0754
24.0283
27.9673
49.489
13.471
14.3209
48.3162
47.8669
38.144
59.4181
48.2799
32.5577
33.1999
32.5997
45.3114
54.6997
15.3232
43.3948
32.5036
44.8357
17.9848
34.8081
55.1043
23.308
19.5586
33.65
53.562
25.5698
19.2628
24.3415
10.9834
31.3736
41.2918
36.514
40.3428
21.8812
31.3102
40.7513
26.6862
58.9646
18.5212
53.5663
26.9823
31.5332
20.7831
46.634
44.7601
14.0697
17.6781
34.1853
34.3211
14.4464
27.3996
21.8488
32.1302
40.1604
63.8548
41.8566
13.5637
38.1924
41.6895
15.2715
46.7991
14.3212
27.9085
14.2474
27.9952
23.9042
27.7003
11.8934
30.6948
11.4912
24.2105
29.8165
44.0772
25.7685
55.7649
20.067
45.2587
50.2678
47.5572
18.59
15.5381
29.8271
20.3373
40.0076
27.0153
27.2746
43.3266
17.9659
44.9022
47.0272
19.3223
38.4086
39.3945
38.1229
50.7972
38.8074
20.9215
37.9134
61.9587
37.1898
37.6296
20.4558
38.1226
40.4119
27.1437
59.4926
19.6616
58.278
19.2034
62.8415
53.927
33.1214
40.965
25.1419
29.3508
7.41074
36.7886
17.992
48.6756
30.5927
27.8046
68.7775
25.5642
41.3061
32.3193
29.4461
32.6272
57.9614
36.3291
21.763
19.1683
25.6121
46.948
33.0557
56.134
28.8763
20.3533
44.3044
72.5684
19.5416
49.4962
40.8907
43.7625
38.1318
61.8981
19.348
18.2839
25.0816
30.3315
28.5132
50.827
46.1636
28.7656
38.1385
23.0147
26.2175
23.9574
20.981
56.1105
23.1226
33.576
54.0859
34.1334
58.1154
32.4596
58.4023
56.4575
27.2598
42.7586
41.5101
14.5024
28.8703
76.5811
12.9688
59.3805
14.1886
22.0549
27.8286
70.3617
5.94835
29.2023
14.6958
31.6857
29.6042
8.88754
6.39748
10.5752
28.743
30.8879
22.9635
19.7586
38.9565
28.9055
33.8708
67.096
26.9253
31.8781
39.6068
49.8593
35.7977
24.7874
29.7455
37.4094
20.5617
20.5058
34.9536
23.4189
42.4616
35.5791
35.2513
19.3231
29.6147
35.8877
44.7648
32.5459
45.9854
48.7663
17.8928
32.0232
37.5224
45.3501
17.489
10.9988
28.7223
42.9929
29.2344
12.551
29.2506
36.0273
17.6233
69.3496
14.4348
26.6467
18.9795
23.1715
19.7333
43.0089
23.7511
27.3889
24.8884
40.6713
39.2361
19.9127
26.3452
15.3292
27.5388
18.3198
55.3918
58.6285
38.7875
48.3183
42.0222
47.7101
33.3796
32.9878
39.2191
64.3089
16.8867
56.5541
34.8462
22.4552
45.0682
30.1093
52.2647
46.7675
31.6459
20.0331
37.489
15.7278
16.812
10.8568
29.6782
39.3081
20.9525
29.876
31.5957
17.0442
18.9152
23.2732
24.613
31.5496
49.3599
33.2337
57.9954
35.9287
25.7349
38.5954
19.9479
40.2361
36.1588
27.7938
41.2056
45.0127
53.5076
44.8398
25.6902
13.0893
18.4954
43.5315
53.8934
32.2112
25.6303
21.3862
16.841
32.4141
35.7556
16.6779
42.2282
56.4417
19.5857
24.9033
60.4399
38.9919
36.0709
25.2775
22.6647
37.7821
47.941
30.646
39.6512
14.9824
17.288
39.1807
47.8519
13.4257
30.0394
11.9523
37.1659
16.3496
41.056
18.468
36.72
54.1861
32.7674
70.7095
19.1547
39.1076
42.1385
42.5651
14.7253
28.7543
18.7986
36.2773
35.2455
64.2304
52.0323
33.6869
38.7434
68.8091
38.5655
54.5133
18.3224
14.5792
33.5666
37.115
43.1339
50.8373
23.9139
42.3641
33.2229
25.3824
16.3678
56.1127
52.7098
19.0237
39.8316
44.2539
39.7224
16.2925
21.581
44.6642
44.2891
28.9484
42.8514
41.9831
17.8509
32.744
38.1072
45.6061
40.4147
16.4537
23.7744
12.8049
39.8116
24.9479
38.5025
50.9765
42.0478
25.2391
45.5634
28.9748
61.1735
28.3843
17.1313
22.5869
26.6423
14.8899
20.7606
41.4981
51.7298
56.2549
50.6396
37.7424
5.44446
52.766
23.6729
61.8742
31.3112
47.1104
11.7829
45.4966
62.5588
9.55362
51.7524
31.9273
23.2102
64.1582
40.5509
29.0559
27.9248
33.9317
31.7332
24.6959
49.908
44.2713
40.0436
25.7344
32.249
17.3871
19.6101
27.5255
48.1805
51.1015
20.3163
35.9793
35.5167
22.0088
21.7352
36.7629
33.493
32.1424
21.1721
24.6723
45.0923
40.9525
33.8688
8.81738
28.4141
2.89748
42.2926
27.4261
19.0874
32.3928
36.1047
34.4377
32.4776
22.6281
37.1758
43.5918
27.3595
15.0083
44.5582
38.6763
38.1922
25.5092
19.679
19.6808
17.8852
32.4669
33.0514
25.9517
13.4716
37.8639
22.1663
30.6263
50.8882
33.1398
42.1106
44.4779
37.825
35.7479
21.0984
28.6494
49.6108
34.7569
50.9557
13.1209
45.3395
39.1472
33.7582
34.9188
31.4146
31.9723
27.5284
34.9283
17.8015
38.9285
34.7519
48.5609
49.5781
39.8911
40.2438
8.70913
28.5177
48.7737
46.1305
44.3942
39.8291
49.6805
10.3451
36.9755
27.1476
51.2374
33.657
20.7683
42.4718
27.72
16.5351
28.9838
32.7188
7.3489
18.1999
21.0718
56.1448
44.4942
9.95522
45.2119
45.1609
35.5223
42.772
86.1761
29.3674
26.0872
50.4164
37.4433
13.7806
25.6973
33.8888
37.455
46.9827
33.2759
8.62435
31.2289
27.1011
22.102
27.4988
42.4444
16.1011
37.7983
52.4749
49.3174
44.7917
25.5504
42.9209
27.4627
29.4855
27.5896
19.642
10.9742
52.9346
35.705
40.7485
25.4714
16.7827
7.15298
32.9148
24.8523
56.8495
18.2451
32.0493
34.2849
24.2846
38.9962
41.6163
19.1369
49.4806
12.3103
64.4453
28.4511
27.2203
63.6279
50.6958
33.5442
18.2282
34.054
24.7622
28.3093
37.6097
25.6726
39.7181
54.0838
26.3745
33.1955
15.8679
28.8978
43.7993
62.251
19.0357
24.7958
27.5738
23.1679
39.3164
32.7884
8.99337
29.2969
17.5155
33.9265
17.2686
28.8995
51.2642
40.7984
27.6569
18.7697
24.6424
40.9548
21.3577
50.6427
35.7177
43.3061
39.1929
38.4958
6.44644
29.0558
16.0134
34.1853
37.6047
51.4924
18.8941
25.4877
37.9198
18.2927
32.2929
29.5125
17.8444
21.5484
24.0497
31.8838
9.9043
28.1888
34.5812
70.9016
70.6234
23.0176
15.7347
43.3577
18.0557
26.9083
36.8305
53.9096
25.2074
37.5961
33.3601
16.8432
21.9483
63.8258
48.9812
17.9993
77.2192
22.4185
23.4426
34.7052
37.1064
26.4365
4.16447
12.6382
32.7997
17.2679
36.6811
29.075
30.008
25.6424
41.6589
43.9609
16.8903
30.4216
8.48891
59.9661
20.7634
45.754
23.5271
16.388
36.8772
40.0986
20.297
47.3657
33.7121
7.78028
23.9631
58.68
25.3755
32.4859
49.066
24.3376
50.2073
54.9422
32.8272
27.7149
56.8304
62.4441
14.8307
44.2974
52.0354
37.2748
64.3296
41.356
21.6285
34.8613
33.3353
46.869
47.5653
20.1438
61.8794
34.1364
33.0868
35.7869
35.8089
36.6326
29.9687
14.4876
55.4366
18.314
30.1019
27.506
31.7083
48.3074
44.0097
42.5929
38.4205
30.1714
54.8044
25.7742
27.8816
35.5251
40.9878
36.6277
32.1481
25.1682
33.7026
45.4646
39.011
39.9966
50.7242
38.9191
37.7638
19.0605
28.5965
14.4076
27.6066
28.6675
27.7511
13.6613
66.1877
20.028
48.6806
50.7543
43.9544
16.8706
28.2484
20.1527
40.3785
60.4528
46.2462
29.1882
55.9481
42.9812
45.1897
43.2812
29.4613
24.237
27.5262
43.1172
33.9652
17.3465
49.0187
36.3587
27.7587
51.1098
29.1918
77.152
42.7106
61.006
26.5837
31.4701
29.1113
34.4741
39.2398
41.0297
31.904
30.0777
22.0195
59.2963
35.1976
74.5618
57.0379
37.6356
46.6986
43.6591
37.1692
42.0847
51.3276
50.3741
59.245
15.6182
67.508
16.5512
16.1931
46.1541
25.1282
44.2269
47.1671
35.1854
26.2633
30.7524
11.9746
57.1005
21.754
27.8551
47.8769
60.5679
37.8219
20.5062
30.4069
56.9874
43.0296
57.1811
24.3695
29.0795
34.2093
38.8505
9.04364
61.8474
15.3668
24.368
35.4166
27.5854
37.319
22.7407
43.8836
22.6771
27.5063
39.0441
57.2433
20.2995
46.6914
30.4181
23.1062
28.668
64.6738
58.3072
20.0514
55.8584
40.3097
55.2194
54.2034
22.5128
31.1706
22.2673
11.4175
19.0559
25.3259
57.9248
50.086
38.1655
20.3911
29.6022
24.2501
40.9337
29.9219
35.6741
34.0065
15.026
42.6082
47.2941
52.1629
23.2488
90.0885
51.3746
23.9175
43.6264
24.3405
23.6218
26.3721
22.4192
21.1116
25.9027
38.0298
29.7549
29.1775
25.5184
43.6935
20.903
6.14514
36.0454
45.7415
24.1614
35.4714
38.8995
43.1432
39.6872
23.7868
14.6913
32.8103
58.1836
34.7661
59.9412
55.2444
32.1088
2.13342
58.5188
45.3577
20.583
30.9742
19.8455
22.0117
34.5037
15.1698
23.3127
56.5239
38.4579
28.6907
39.1359
25.1669
15.6908
9.27529
21.6656
49.1155
41.383
24.2401
53.9611
21.8276
27.6559
61.5902
40.8599
32.9661
54.6903
14.707
19.5358
30.1021
37.0571
29.3877
38.1422
15.0596
60.6598
13.6677
51.769
40.0472
28.5761
14.4641
21.1613
79.4284
42.2164
4.57696
59.7942
20.9975
25.1067
25.5506
35.4503
54.8164
21.587
32.4615
34.3395
36.0386
16.6069
36.2452
31.0428
74.5039
36.0227
34.4478
34.9238
29.9267
29.9343
37.5557
44.3744
13.9853
66.3968
33.7988
19.183
22.8354
30.9309
25.5703
26.8698
37.5633
12.6728
34.2816
23.2252
47.8124
34.9892
47.9656
12.9343
45.2133
36.3856
35.5494
28.9783
12.1442
35.9225
13.2608
34.2153
37.6359
28.7191
27.9677
26.5465
46.3202
51.7107
28.0487
17.9555
13.2576
57.4983
50.9813
16.9834
48.4241
59.641
22.7821
16.401
25.9573
40.3578
28.2623
38.9017
11.3029
42.4992
35.2982
37.8108
53.6789
27.25
30.4877
49.6464
14.4089
18.6114
29.044
29.2282
21.1834
11.1113
35.0236
33.936
20.0353
32.0806
32.7089
34.4794
56.7878
58.8361
25.3849
27.386
31.3609
16.241
28.447
25.3699
43.963
27.1232
39.8906
26.2101
20.6311
41.9219
30.0832
15.2558
45.4246
34.0676
39.0045
40.8115
22.8231
32.5268
37.1748
23.545
38.71
22.5457
21.9385
54.4685
41.3653
33.606
38.8679
35.7178
48.4837
49.6777
30.2277
25.0221
34.4029
46.0045
45.6179
22.4219
31.6589
32.6407
52.8778
33.2975
32.8598
27.8868
22.9098
62.5849
13.4678
24.9357
52.7492
18.9895
48.0626
31.494
50.7715
29.4019
8.43166
16.7508
30.8244
21.6963
60.7461
31.3258
29.4947
34.244
42.6493
15.6873
8.09326
25.9067
39.0025
64.878
37.5855
48.9366
8.55934
33.1585
53.583
42.0133
14.8761
48.6441
25.7539
45.2659
23.427
28.1751
30.1795
36.1542
29.0997
50.5193
45.3319
39.3615
57.3089
39.0355
26.054
24.0542
60.4147
10.974
53.0387
41.1097
11.4487
16.0081
17.9019
34.7044
56.9557
7.46712
60.9473
17.4691
42.675
31.0763
32.8079
41.6966
24.445
44.6672
29.7479
46.2874
65.0395
21.3822
18.6981
11.9757
13.9633
26.3753
33.6472
30.6955
33.8624
46.2882
51.0535
61.1804
35.6908
48.9075
71.6321
34.3206
65.1392
26.7124
31.3813
20.8687
28.1753
26.2978
42.5988
34.9557
27.7416
26.4398
32.2018
27.7002
39.8826
33.0386
50.1778
29.7435
24.7616
40.1302
79.382
28.1397
40.121
19.3355
15.7669
26.8916
27.123
28.3425
48.1167
23.0015
21.1326
42.0758
40.0673
19.2924
18.9718
36.8569
57.4639
44.713
15.9852
34.4885
43.5282
23.1153
58.3798
23.5537
42.9968
68.4867
36.039
37.6775
32.4378
12.0935
46.8781
58.5956
21.0482
36.8477
11.7211
35.9913
47.362
33.8932
33.9832
68.2233
9.6344
5.05587
44.0791
26.887
30.3581
29.7212
16.439
63.229
22.2711
30.27
33.5915
21.6065
24.5038
35.4825
31.9194
35.8395
49.801
44.9209
31.1345
73.7894
11.2176
34.8522
16.6948
43.1049
21.6765
35.8261
52.3444
47.3641
73.7911
41.4626
23.1215
31.8456
34.8309
27.9746
7.85891
41.7251
57.607
18.0327
17.9002
16.1534
27.101
37.5979
5.71176
31.806
16.496
17.6211
33.4611
34.1756
24.9266
41.827
20.4183
29.2847
19.1583
33.0588
31.8176
27.3319
11.3784
16.307
61.1862
52.9132
30.9286
10.0203
25.8306
16.9442
30.2487
61.5041
59.4198
16.5975
55.5805
41.1186
16.8551
18.6038
9.73558
21.1757
32.516
52.0646
26.168
27.1979
56.7089
15.1071
14.3999
24.2849
21.6632
47.0638
47.9031
32.4631
40.1304
52.355
33.1745
17.3618
38.0119
72.3379
66.5641
51.8925
40.8912
31.8242
43.342
38.4453
31.8833
39.7825
37.4667
11.2545
61.8722
52.2698
24.8985
27.2975
24.9399
39.615
49.677
31.3935
25.469
12.724
37.0205
29.7465
24.0701
56.5827
25.9996
18.2384
44.9467
40.0565
29.8908
21.9552
28.1256
21.1733
42.4056
42.8555
10.8978
41.9992
40.2592
27.704
19.2385
28.9201
15.2822
35.7777
38.3693
60.0287
36.3225
51.1894
13.7495
45.6047
35.6748
47.8847
34.2602
34.7185
32.8303
34.1185
28.809
41.6802
46.1123
54.1557
42.9052
30.4299
23.7163
37.5289
25.55
54.3954
22.4027
48.2458
43.2474
32.0238
16.0428
31.2011
70.8398
21.435
32.4805
15.7705
40.5785
26.5056
33.0767
21.8734
13.9364
18.1749
10.4333
40.0325
52.4182
28.7819
43.3731
31.5698
29.4067
14.8031
24.6578
9.34697
57.1053
11.1038
14.6944
10.2224
29.7367
35.7756
37.0204
53.2773
52.541
28.5799
18.9108
25.0358
13.2606
50.1702
20.977
15.5992
29.4017
55.3208
26.8561
29.9017
26.1435
22.4835
43.9347
19.0551
13.3608
46.3495
48.7554
76.9637
64.3218
51.0508
24.2854
22.9256
26.6338
26.144
53.649
35.3613
23.5898
49.6005
48.2403
38.4119
39.729
36.5185
38.7471
21.9908
17.915
32.2495
20.2372
32.4026
46.7498
38.4641
37.2964
41.9504
17.325
30.7826
16.9012
21.7559
14.11
34.4723
38.3955
18.8014
21.6676
27.4131
8.63276
17.4203
38.9042
32.015
26.347
15.0428
31.2105
22.9725
50.545
34.1008
6.74895
21.5363
17.6614
57.8252
30.3691
51.1519
27.6398
55.407
24.9871
8.47328
39.225
61.047
18.7521
34.1995
42.6609
19.7124
40.5404
22.34
62.0894
29.9729
27.6229
14.9051
14.8256
58.7329
43.5107
27.1436
37.5715
40.1095
42.618
33.4855
38.5456
25.1275
39.2203
70.3043
10.7843
50.7159
47.8292
22.8926
23.3509
31.2667
22.9724
42.9334
43.7738
6.91484
44.1867
18.2935
34.2571
33.6592
39.0232
23.0267
28.416
34.592
26.2438
44.9416
47.4488
8.52119
33.5592
87.9964
33.9685
29.9051
31.7799
51.933
14.7992
51.3055
66.5959
25.2077
11.3655
15.8802
39.0607
61.0887
55.312
29.3187
26.6347
33.1564
51.4855
35.369
8.57212
30.0051
39.6558
27.8236
46.9876
53.1613
46.872
72.8229
12.7339
36.6253
18.9333
13.1983
57.359
52.8196
43.4658
33.4614
34.4272
41.7315
24.2978
50.4726
24.2113
31.3285
20.1824
34.6021
47.9839
39.4455
34.6378
32.7046
11.8701
73.5075
54.8676
32.647
4.05009
23.1269
32.226
32.202
33.68
27.7355
16.3217
27.624
64.9152
37.6012
22.1041
16.2965
47.6174
32.1323
38.9351
24.2773
45.4934
11.5676
57.1903
71.5832
41.4008
71.3908
34.6481
35.1867
31.8811
44.9413
35.3466
54.131
19.245
21.7053
30.9191
27.7467
45.2839
23.0284
23.0208
33.014
16.6102
43.8659
39.5644
9.88063
27.2384
44.7743
27.3538
41.448
22.2056
29.6005
28.5715
37.2142
34.7613
51.5067
57.2253
48.1278
33.628
50.0515
50.8531
32.9254
8.38871
10.1761
43.0905
28.7808
16.6517
50.4984
7.99551
37.7504
23.9028
27.7247
56.5658
12.274
20.26
4.36618
43.7755
39.7579
47.9865
38.4087
42.6517
51.8614
29.3342
36.2352
13.381
35.2044
18.0325
13.6654
19.3668
45.9683
31.8376
46.4768
37.0341
31.6129
37.1289
36.5988
44.716
66.0615
47.3849
58.1711
57.2876
31.2793
23.1396
36.2055
41.2383
29.0892
49.9605
22.7336
28.2748
71.0984
16.836
66.099
13.8326
68.3147
36.2545
40.8486
45.1361
40.4143
28.4157
30.9058
29.8727
40.2353
30.1549
45.2352
34.8698
23.2624
39.398
29.1895
39.2589
28.1482
17.7696
46.0899
49.2905
23.1688
25.3623
16.951
39.8559
35.719
54.2567
27.002
58.6617
33.9416
19.5286
25.0441
12.7217
33.673
19.9162
73.158
12.2685
23.45
62.4084
30.0938
15.1889
27.6318
20.5776
29.2252
13.9362
25.7621
38.6349
43.9286
27.7494
40.3991
56.3116
40.4915
26.1346
26.0684
55.4583
47.8644
36.324
31.1799
18.7588
32.9443
28.3633
37.9933
39.5439
22.3971
37.0582
58.6316
59.5924
33.684
43.2488
14.7157
53.4328
19.8446
30.0224
28.3684
41.6997
4.2775
13.9342
63.8029
46.1408
41.951
26.6433
18.0088
63.9069
19.424
76.3322
65.3177
29.2011
56.4941
46.5946
24.03
23.6494
32.0153
35.3703
37.6165
36.934
12.6346
31.3438
1.74618
32.94
19.6414
43.1745
34.0524
27.0331
38.7256
33.5993
36.8072
20.1049
23.7848
21.8944
59.2819
33.3579
24.0753
17.2768
41.9052
17.0986
47.9407
44.4426
42.7504
46.4179
56.1268
22.1509
35.9232
18.8017
13.1776
37.5431
28.8125
34.1402
40.7598
21.3965
28.0998
14.4672
23.3128
41.2258
35.1415
13.9464
25.6194
35.0003
40.3906
48.7545
34.7539
26.876
48.7505
56.2168
35.0644
33.3237
24.1783
36.4786
35.6312
45.7519
45.7359
28.4809
19.6222
30.4374
13.9029
22.3595
28.3537
24.2387
45.7783
35.7715
24.6464
17.6206
10.4331
31.4375
3.59383
38.0379
59.2216
43.6259
27.238
29.773
43.7879
27.8138
17.28
29.6075
27.2079
20.3945
39.9995
22.9192
45.611
30.754
33.5627
52.4945
66.6885
8.13444
57.6249
38.2126
21.7777
57.2838
30.1402
35.7941
28.5533
39.499
44.9558
40.1449
23.336
46.9619
7.46697
42.3265
32.735
20.9825
36.1961
43.0308
25.7803
32.5764
12.5809
26.2847
7.63673
8.79447
45.6664
40.878
28.3431
24.1435
29.1502
31.388
9.74525
60.0885
15.8171
41.6234
55.1344
23.9471
51.7574
33.0035
23.6081
45.6458
32.7547
22.5996
47.7119
41.9279
49.8907
28.071
43.1572
50.1555
54.4141
35.6155
33.5468
50.8053
31.9028
21.0383
37.4605
42.6511
29.5579
57.0828
24.4135
42.4205
41.0693
36.6344
38.7214
57.856
13.9363
31.2206
35.8597
42.7415
50.0937
41.0236
15.1491
18.6805
50.4331
44.161
32.4495
45.8667
29.7605
19.1386
17.5647
24.0448
32.2916
11.6662
30.5742
42.7989
20.3742
33.9263
30.3901
34.8916
64.7287
29.0352
9.21858
27.6623
22.2121
34.9817
48.492
14.5819
59.3626
44.0789
36.6717
24.7175
18.3835
12.0391
31.1429
13.9656
28.6043
47.7552
30.16
19.3286
57.8263
12.1067
40.7073
43.2002
50.3948
25.2441
33.8685
34.1146
75.2939
22.9482
49.9221
26.8761
19.7599
57.8551
19.9411
35.4514
25.8105
22.733
37.473
14.3295
31.4381
45.2367
34.469
23.3156
9.50931
37.0172
12.5801
27.6541
32.8172
45.7387
25.0458
33.0755
28.8103
9.13148
66.6651
44.9037
31.3146
28.3685
60.3813
68.2169
33.4299
26.864
34.2792
14.3046
42.2889
39.5196
34.9524
58.2302
36.5566
42.0144
6.08925
35.1591
42.8395
72.447
32.4796
26.5754
50.7852
18.5893
57.3527
21.1946
46.6136
30.7344
28.1703
35.352
45.9968
16.5847
18.664
67.8132
31.4026
27.1673
36.2374
10.8486
26.0915
36.2654
5.24653
27.389
51.4305
31.112
51.897
19.027
44.3525
51.7254
33.1893
68.8466
32.9573
27.0898
19.0545
51.2926
22.3129
7.21181
48.315
18.5575
22.8031
20.2005
29.5271
33.7706
36.9499
38.1914
46.2197
19.4281
24.6091
49.2378
31.4217
29.9346
24.0675
30.8649
74.2733
27.4433
33.7352
25.7607
21.2909
38.2049
32.3046
37.28
29.1724
22.8945
25.4055
44.2319
12.847
41.0795
14.5975
46.9333
14.3694
27.2454
17.5904
44.5561
27.2907
65.5302
23.2773
41.8468
10.9001
22.2707
20.7057
48.6369
50.5425
38.3945
32.932
43.2362
28.5473
48.4323
19.4601
60.371
56.3788
30.0596
14.6524
17.3051
53.7307
20.606
33.2458
43.9861
54.3783
40.8794
34.6587
50.8362
45.1047
45.6868
48.3161
14.1576
19.3756
49.5681
49.9477
23.6763
40.2256
42.1901
53.575
17.591
34.2269
29.2233
42.4902
13.1957
56.0503
6.43254
30.2838
24.2239
21.1304
43.9065
31.7053
15.9001
34.8646
24.9077
40.2189
54.3776
13.409
59.6164
48.9409
38.7369
18.8104
36.3272
34.8454
53.3744
24.295
50.8913
33.1219
59.3643
15.7586
29.3803
29.2578
32.1342
22.8169
21.1892
9.57621
21.3259
27.6079
39.9087
39.2866
40.9467
41.0864
20.3269
36.7621
33.7152
33.1363
48.2992
46.271
39.4341
28.3485
25.3702
29.9552
53.0223
53.1541
42.8444
49.1868
30.0386
25.8509
65.1583
26.1752
45.2054
47.6687
18.3665
52.5178
32.7167
50.2341
13.7394
17.2511
28.9361
60.7536
27.0697
31.6484
23.1869
32.4224
51.6633
26.3282
67.1925
36.9654
39.1998
29.0815
44.8045
30.0771
28.6826
37.4797
56.8377
33.0796
29.9672
24.2413
49.6119
17.4683
24.949
16.2384
22.8275
32.3501
46.2006
38.9782
26.1247
24.1045
54.1985
34.0633
50.9673
64.9048
37.6011
59.7007
38.3827
59.1912
49.8879
35.1036
21.5357
42.9076
18.5424
10.4389
66.81
27.8182
42.8803
18.824
27.12
33.5892
15.2035
47.9339
24.7365
6.0703
52.2414
50.9723
38.5885
37.349
23.3365
39.7289
27.8151
36.4402
32.9281
35.6125
49.5227
22.9871
54.2753
23.9458
65.4719
31.2944
27.3277
26.9842
32.8647
11.8369
36.8212
48.4077
24.5492
22.585
18.6532
37.5691
31.8628
72.3337
58.5948
30.2656
28.0134
20.9276
11.3675
28.9985
18.9822
16.8696
59.7953
17.9169
36.2881
30.741
37.2849
31.7749
12.1761
38.4713
45.1519
23.447
50.3117
32.9812
20.8443
23.0523
58.188
64.9689
36.3125
39.1848
17.1497
22.7134
53.9513
34.3137
12.8491
46.9137
15.9345
34.6469
49.3676
47.2924
40.9813
51.2617
46.1988
55.9286
23.9156
11.3964
41.373
46.2196
20.6775
29.5579
53.0884
63.3871
54.7566
20.8434
38.5242
42.1083
36.6056
55.8934
27.4075
47.6079
45.129
63.9006
37.7873
28.2922
41.6284
36.7717
28.4046
41.5064
16.2483
64.2119
39.5319
73.1006
39.6692
26.184
33.8882
57.551
45.253
23.8443
30.9835
14.6464
36.1298
50.1
22.5204
28.651
28.7279
28.1551
9.86576
19.257
51.8564
39.3015
22.5394
26.7853
27.9504
13.4548
5.23346
21.6655
40.4048
13.6035
51.7386
23.8081
37.7749
40.5474
25.3392
19.5286
38.295
10.623
18.3461
30.0911
27.6587
8.56001
50.8831
35.6709
44.4977
23.218
50.4138
47.3099
31.6466
19.7449
46.1433
19.8811
25.9371
16.8727
35.9145
13.8055
22.2299
35.4478
28.4601
49.7722
20.9411
7.28802
32.8875
38.8503
6.09261
48.8442
17.7565
24.037
38.0859
27.1658
28.2923
47.1859
34.6511
11.7378
33.5154
26.7002
57.4222
43.9652
17.7286
32.526
46.8655
8.89843
25.9629
22.1719
38.9851
24.7378
56.9937
14.7688
35.6773
85.7023
27.8932
42.2366
30.2268
52.9769
42.2369
26.339
21.579
21.5249
50.5099
57.003
38.4115
14.3471
47.927
27.037
30.6603
31.5374
30.547
15.4096
23.3029
39.5573
25.3619
32.812
43.4972
24.2839
35.839
6.3892
25.1442
42.4268
61.2613
39.1001
40.7567
44.556
16.0266
41.9803
21.2519
54.7185
20.4397
37.509
32.0855
20.0522
57.8867
25.0073
37.3499
38.9868
61.0154
31.48
45.6525
42.2193
25.9785
36.9241
46.7923
30.6071
20.0915
62.2736
23.0193
41.2384
36.3433
31.8653
77.7883
42.3155
38.2004
37.1209
25.6967
13.3107
28.8246
28.6313
13.4658
27.9952
26.4728
56.4753
34.2432
18.8759
18.7591
40.5131
35.9637
33.9607
7.08656
33.4326
38.0452
37.4205
12.6983
43.1481
48.2323
22.6989
24.1469
54.3976
72.7116
36.9847
32.5466
16.2046
5.47258
35.4956
37.3046
18.8565
22.6611
26.3732
43.8946
26.972
29.0182
26.5836
46.6247
43.5602
48.3199
42.1016
26.4768
29.1941
75.3885
34.228
45.7602
31.8084
34.2335
43.0406
64.1007
51.3689
47.3105
46.3291
55.0841
32.5721
38.8769
23.4151
54.007
40.1026
55.1801
34.7654
19.3882
30.8038
14.7435
21.7745
36.3379
29.1767
18.2374
31.531
16.703
26.9765
32.563
32.8433
28.5167
50.1752
8.85616
37.7519
16.6163
57.5691
28.5625
18.0012
21.0586
13.7313
43.1606
20.3549
47.6785
44.1121
46.1812
31.2404
24.7652
55.7126
49.4606
20.9231
39.2074
39.7203
28.8683
50.2859
45.4694
30.153
47.2101
33.4981
35.0314
63.4754
22.6521
22.5021
39.7595
40.0503
21.1804
32.3589
38.6989
27.8461
6.73692
10.5378
54.0924
41.7327
26.8228
50.3974
24.2866
39.9544
25.1954
13.0179
49.7903
32.2108
25.5459
29.5718
28.2566
54.8705
31.051
13.0578
22.6143
33.0493
21.61
48.7808
32.5447
57.2071
16.5296
52.8126
47.1716
33.3053
36.5051
48.2821
22.5033
52.5806
16.8991
47.7354
28.6309
49.7721
21.9219
42.6007
44.3173
61.5525
36.2757
6.99893
29.0984
49.2211
36.7652
29.0709
14.8124
25.6982
29.241
29.1514
45.5611
26.4038
14.7659
16.1026
20.5671
24.5098
9.01438
45.0627
41.3734
42.0686
31.4069
52.4911
35.5357
14.3117
55.3686
21.4451
41.2799
15.4581
57.7503
23.7772
22.944
41.189
21.5557
45.0076
31.6564
38.2459
52.3069
53.4802
34.0054
31.9428
23.8389
34.6484
57.8032
35.6348
52.6484
38.2586
34.5754
33.8512
45.5474
48.2413
43.3676
39.5953
20.7892
39.9705
38.2934
29.8554
29.5671
6.63628
28.2924
14.5891
37.3831
28.5631
55.6629
13.9199
18.7058
18.4727
26.7458
31.2517
19.6315
25.2907
41.1957
35.1488
24.3725
47.7599
62.2107
35.8078
25.7715
33.0983
53.1495
21.893
19.4849
24.3377
20.8319
27.6278
23.2372
48.8066
31.921
18.672
23.6614
28.9134
50.1658
28.4779
25.7548
22.5647
30.9884
47.0061
28.8614
17.4888
14.9983
27.9447
44.5502
57.3855
33.3679
35.3791
12.5381
21.4418
17.8539
30.4422
15.4118
39.2896
21.1021
20.6208
31.8525
31.5895
19.6088
57.0618
27.2972
34.5004
22.5745
28.2525
59.7212
24.0347
25.8367
16.4867
35.6843
43.8423
21.9062
12.7137
12.4388
48.1991
35.2002
11.8394
67.5334
18.4215
18.1574
37.1744
60.2018
24.1084
15.5465
24.0908
57.7179
56.7532
21.5215
26.3682
44.8615
40.4839
14.4057
58.1263
22.2187
46.2253
24.0343
34.2004
36.573
19.8168
30.7056
29.3989
39.9295
25.9198
46.5548
42.731
30.6989
37.9103
37.0327
26.3697
59.8978
15.468
29.6613
28.0972
26.5052
19.7108
23.9035
65.2009
