41.2365
41.9045
47.3961
55.9803
71.2253
63.8287
81.1801
98.1499
77.8967
36.5
44.5477
138.282
110.248
132.182
79.3349
77.6105
36.0977
40.1121
63.2752
74.7088
113.706
114.534
84.2032
50.752
123.294
123.523
69.9448
57.3972
42.5381
67.813
40.1923
32.9159
101.634
72.3348
6.69709
103.675
79.3184
85.3698
86.2914
38.2266
49.5859
38.0412
40.2137
64.4944
57.5352
75.334
48.9511
38.3564
76.1669
83.262
83.8259
98.4737
127.988
67.3597
106.524
67.5343
79.1184
108.016
8.56447
50.3537
55.446
47.229
88.991
86.5076
124.496
75.8698
41.0089
95.0801
94.3198
88.6126
90.5429
38.6365
83.2928
92.9188
61.5758
73.8872
54.0245
62.2165
61.7602
90.842
63.9229
95.2771
86.6941
62.157
92.1197
47.0907
53.2441
96.4697
37.5506
64.7892
29.4076
62.8729
25.85
64.9742
55.8106
62.8762
89.6484
119.732
64.1741
56.9082
71.0432
60.3679
107.789
94.3118
69.3577
70.1796
77.6401
64.6167
73.3871
37.3535
35.8123
61.587
87.2132
39.0677
57.3482
78.2706
37.4721
80.723
54.6065
95.764
109.559
82.9243
18.6066
70.3217
58.1642
23.9914
115.634
97.166
107.061
105.339
73.7108
56.7874
130.989
88.5036
56.6235
51.8853
95.6385
94.6013
84.671
110.297
70.1436
52.7239
88.6174
30.818
131.318
118.408
108.314
88.1597
63.8031
53.2288
77.5159
78.7148
65.7183
65.0797
70.5907
59.1342
72.9389
87.5678
106.383
63.9072
57.5516
45.5684
35.0342
56.7463
33.6554
93.6999
52.7391
34.1727
103.179
60.348
111.438
111.487
124.814
92.9606
71.3716
99.3833
44.9484
118.601
90.2981
74.7096
21.0529
44.1574
11.8628
26.8816
87.9576
106.784
58.2368
89.1719
51.2835
99.4582
57.844
19.6379
79.0818
51.0548
109.18
34.8946
76.8849
108.167
48.1645
77.0709
59.0156
96.4661
128.076
80.298
70.2756
98.5294
68.4359
59.3823
100.759
40.1964
52.878
93.6391
47.6087
84.4769
108.89
86.3775
32.1169
40.7056
89.3242
19.4324
46.8559
84.4081
105.664
95.8606
60.2836
92.183
58.116
84.2172
105.625
49.26
137.835
133.856
43.0012
89.1661
53.7515
64.4685
83.7986
75.0586
30.0835
94.0488
71.7655
70.6474
97.2356
51.4484
104.526
77.3717
68.5465
85.3663
52.3302
36.763
101.196
39.5942
127.915
73.3501
3.4255
72.9452
99.2503
16.6147
50.6636
47.4199
120.219
84.5776
65.4301
17.3064
49.2909
102.578
66.2016
79.0253
101.331
130.068
94.2155
55.3059
103.587
85.531
19.9472
38.8618
154.472
36.4264
87.5713
99.5215
47.7472
79.5423
110.302
97.0499
61.4467
76.3642
109.819
132.874
132.58
118.701
70.9703
84.9479
114.98
61.5078
73.0845
67.6094
28.3291
87.1046
45.2012
66.6458
63.0572
79.9113
85.2775
109.478
75.9424
72.7981
95.8944
87.4545
22.2883
88.9221
21.1543
105.906
55.2111
38.5178
86.3672
59.7907
88.0097
124.041
134.189
92.5218
84.1559
62.1155
38.6083
100.8
12.9192
67.0466
63.1036
120.776
78.839
70.5181
68.068
113.234
130.518
122.432
81.8266
51.7844
96.452
36.2812
64.2772
53.1865
117.268
33.0478
85.1265
44.5933
83.9124
37.2696
83.9639
42.5646
80.7531
77.9344
86.9307
120.996
67.6191
30.493
31.9122
74.6032
79.3513
117.108
64.2595
104.448
56.4852
90.4288
75.9848
122.541
66.5513
52.6822
81.4438
37.8699
81.5594
149.166
78.4036
63.3004
85.2722
117.011
96.6022
96.2333
52.6397
49.1043
96.662
106.349
79.694
80.1042
52.9984
50.4349
67.544
108.624
66.8887
58.9947
117.842
72.1865
64.58
67.312
49.0301
73.8431
100.397
105.011
26.5099
65.3543
85.4446
20.132
56.5556
41.1773
51.3215
51.9562
41.7063
25.576
95.5678
92.8138
62.9972
54.5756
48.0884
40.7227
83.971
83.9568
109.534
79.0721
85.2367
101.274
103.374
114.877
36.6187
31.1363
67.2941
64.7701
62.6458
76.7435
56.6921
24.5445
94.9924
52.4021
52.9945
48.3232
40.1963
108.831
76.5144
65.4796
78.4676
112.922
71.846
63.5025
109.895
90.6557
104.523
66.9285
57.3082
85.9553
59.803
139.168
73.7757
74.0951
84.0464
59.2953
88.8009
134.964
38.3794
32.4889
86.831
94.8506
104.992
102.128
96.5449
112.228
61.9081
53.8732
79.6541
61.1025
95.2409
64.9921
34.2809
105.067
85.0079
37.3163
70.7942
78.1055
17.0041
118.15
69.8603
85.626
121.33
71.4606
101.14
16.8494
66.9513
83.7662
135.882
122.161
61.1772
76.563
107.956
24.7785
67.1961
49.4705
29.1009
106.343
91.8624
85.9395
87.9097
62.4363
84.7485
109.028
64.9921
43.892
86.53
92.3731
48.9994
102.412
117.801
57.2289
119.199
116.196
79.961
71.928
94.7248
53.5634
90.412
34.6944
141.189
51.1158
119.945
64.7117
92.1625
48.137
103.142
59.7802
33.5429
53.322
78.674
75.232
65.326
109.254
56.3855
59.6267
104.224
51.9883
89.8188
31.3306
89.3441
45.5427
48.5617
20.9533
45.5732
55.5865
120.33
35.4513
55.8719
46.2925
124.695
52.4665
95.1697
120.706
54.4511
124.648
102.274
94.7257
25.5783
89.3337
64.2708
66.5977
91.3004
99.4004
46.4007
79.8166
71.2404
55.7896
21.9838
68.1934
99.778
87.5693
44.2325
117.714
47.7301
57.7274
64.1638
102.033
43.9277
72.7267
85.7878
84.6229
9.38409
103.584
49.4768
76.6168
95.1958
67.1984
78.6582
90.1862
105.276
64.3173
51.0629
37.2964
35.207
72.4834
34.6397
113.271
86.4132
70.0377
69.6184
104.255
46.521
62.3866
88.401
99.6278
76.4345
51.3046
97.08
44.1323
53.7882
54.4116
54.601
49.5205
87.172
57.6028
120.094
73.2206
107.388
69.2729
55.7267
83.1244
136.28
39.166
81.0472
104.919
78.9535
67.0665
67.2906
52.519
41.191
33.3263
112.878
38.885
101.813
55.1353
86.8632
62.3263
56.042
56.2466
57.3859
87.403
87.4045
99.2303
57.7958
75.0805
46.2088
99.7917
56.9535
77.6441
58.8525
78.2723
72.0947
113.675
83.5284
104.543
72.9811
67.1703
85.8944
99.644
35.5899
46.1872
72.4504
100.372
57.5639
128.141
99.5814
77.5354
70.7081
77.4399
75.8789
84.2512
113.339
64.1105
86.4216
57.3078
13.5527
69.6058
122.547
56.9728
89.9708
77.318
69.0209
63.6776
117.763
41.6127
61.8271
114.863
95.9905
37.0573
114.878
92.8502
109.151
76.0618
28.5843
94.4633
97.6175
85.2575
44.0953
20.6073
56.6886
94.4663
35.6239
74.7663
37.3061
129.2
61.4791
82.6556
24.3631
109.32
62.2598
67.8205
67.6604
138.117
93.571
27.1276
89.8472
74.1202
40.7612
61.3784
52.3953
50.8316
116.16
83.2942
95.8096
73.0178
96.8266
71.5444
130.268
65.6798
20.5383
141.133
107.551
110.172
26.3295
102.39
52.8178
35.0309
83.158
118.413
41.8187
29.2949
62.5325
38.5107
77.0992
49.7443
74.13
43.5508
79.1951
92.1136
62.4031
87.3885
59.0605
58.5634
38.2019
86.4169
29.0946
83.4772
53.6559
89.8563
74.1331
78.8747
99.1713
73.1076
93.924
113.503
34.3329
52.2042
93.3743
111.515
40.5085
48.3895
81.1579
113.399
104.145
70.0302
121.49
32.9489
113.884
86.879
90.436
71.09
85.9666
92.5717
63.6325
139.473
69.6413
70.4453
94.3882
31.4172
58.3598
28.6687
121.163
56.1019
60.6724
43.9539
33.0296
82.1298
19.3459
122.791
92.0407
77.5962
54.9447
95.3994
79.1613
51.1542
81.9369
69.9665
71.3896
68.0049
47.7336
79.2232
89.219
17.7716
76.6417
79.8312
124.455
52.4067
73.1966
42.1212
83.3971
41.9149
74.1937
97.3832
97.0314
66.5416
117.32
69.7873
46.7028
111.253
34.8125
78.448
119.67
65.461
29.4257
10.4383
92.3539
100.859
126.273
48.4928
35.881
109.283
63.0768
64.3204
64.932
90.6695
93.3891
151.239
64.1167
88.3246
63.3924
127.454
61.2989
52.3089
61.7328
89.6717
83.3625
77.53
40.8674
41.4282
38.3567
49.8685
80.1369
32.9781
37.0783
107.976
73.5469
102.794
40.9902
41.4016
80.6164
95.7456
88.4633
101.428
68.0373
46.0628
77.8133
95.606
108.802
76.9876
107.595
114.575
75.8062
82.4192
84.8686
46.9318
57.713
65.458
59.6123
105.166
143.812
52.5546
61.5154
81.6141
70.3173
68.8719
41.1148
44.2343
47.7339
87.9195
48.9879
85.8826
71.8033
109.784
65.6498
44.5824
118.001
54.4228
52.928
75.5266
112.585
46.9742
39.8921
71.4109
57.903
52.585
75.7283
117.242
65.8038
82.0143
49.2912
35.6619
65.8596
40.8327
60.6246
108.098
75.3388
103.551
61.5401
32.1645
102.268
50.9239
57.8633
48.2896
52.9807
63.75
73.4926
31.6947
75.886
87.9712
77.8625
19.9542
66.6925
84.0391
42.4241
86.1876
133.086
70.3713
103.091
71.9868
74.4503
112.423
55.9426
42.9115
44.7454
106.878
83.2005
34.8992
90.7689
72.2244
114.66
71.9939
120.111
34.8511
100.609
69.5195
53.5677
70.6002
29.2972
47.6834
76.9641
98.0031
126.521
101.375
68.3723
65.8892
22.7945
61.4948
36.6373
107.444
80.5245
81.3037
109.06
25.0714
55.0399
74.3352
69.5321
62.8789
84.1807
78.9837
41.4628
78.9623
87.643
23.8752
104.905
38.0752
96.6136
52.8716
90.0383
60.5285
110.993
113.943
87.3848
87.7278
107.011
90.8699
67.2828
73.4525
54.3151
71.5436
136.145
66.6678
76.8427
75.6842
55.2601
119.976
21.7656
92.3639
95.2541
51.5492
97.2104
75.0265
85.3749
21.7376
49.4791
75.8435
102.46
58.1229
43.4424
40.6694
116.45
83.4625
79.4685
87.4198
66.0497
97.6032
72.7741
80.4674
87.1968
63.9685
25.0889
37.7956
10.1162
110.493
33.8877
74.6323
49.7501
60.5196
123.476
37.0513
92.8005
90.1514
109.807
96.6332
85.7562
24.5374
65.5879
79.463
116.904
39.264
59.3516
109.095
83.4623
52.4198
31.79
93.2486
83.2113
35.9788
60.5664
78.0453
59.2939
60.8035
48.4474
63.1597
100.799
53.2544
50.9855
53.5353
107.06
115.717
86.7674
83.7218
105.536
44.9432
41.8116
114.038
60.7229
18.1958
29.4013
65.793
72.9958
30.749
68.7535
15.2295
66.7049
61.299
109.708
103.994
58.4289
81.4607
109.426
66.6427
85.2855
43.6357
37.2199
76.2534
57.9089
64.7055
101.402
83.941
60.6894
111.398
36.453
122.292
111.239
70.187
33.1285
91.4831
80.3363
35.5784
74.2411
58.2162
58.6453
115.298
126.347
58.0639
105.236
50.2614
14.8173
47.0256
65.433
83.1446
97.2494
20.4375
45.7901
46.0921
25.0451
80.2247
66.9972
91.1714
58.2258
74.1411
45.8041
104.857
5.25954
93.0939
65.6889
57.0206
95.3404
96.0086
72.2807
111.582
82.0772
47.0725
97.8575
76.5339
53.4972
104.492
42.3251
55.0139
130.752
81.3855
91.8615
83.9565
114.131
103.885
85.5277
46.5188
100.796
121.413
103.681
76.078
48.2809
11.7982
40.3259
76.3524
81.8944
72.1686
122.778
113.091
38.5092
47.0324
56.1375
22.2796
57.2166
88.1572
46.4985
75.9587
105.674
77.543
69.8391
82.7903
16.9102
69.6064
117.167
90.9461
128.918
99.3154
59.6296
118.874
45.5661
68.6577
88.3105
71.4379
84.7569
74.1819
112.443
59.7429
129.101
91.4093
84.7766
53.8223
99.6844
49.9857
69.1439
68.7627
69.1957
97.1075
57.0558
77.3448
51.8789
68.0781
109.717
132.787
70.8201
50.0895
116.208
66.6481
108.586
50.8175
81.2491
66.9927
23.7559
116.331
128.659
98.5765
60.6338
41.7529
51.8427
65.2253
85.9519
67.4404
28.0663
33.7167
110.595
50.2851
81.9935
55.5752
70.3301
48.5997
80.6485
64.8609
42.7392
35.2671
60.9119
98.1692
49.9077
90.8636
122.264
35.9303
117.406
61.9175
100.827
108.309
46.6267
85.3212
90.1231
92.9809
113.444
94.9195
96.6093
63.7162
51.0232
62.1552
68.881
113.486
58.7969
80.9173
25.8617
79.5861
110.541
62.1877
80.9296
108.958
118.882
111.152
95.8007
109.987
65.3159
63.9271
81.3147
105.937
91.2697
96.0295
96.3024
101.505
80.4773
77.6258
105.377
68.9245
68.2288
69.5222
68.3434
78.9335
117.999
50.4702
81.475
56.6685
99.9283
76.2431
40.7914
67.2055
65.5969
68.685
72.3539
104.28
138.287
93.6432
73.9175
53.509
102.044
24.2742
14.851
90.9421
68.511
31.1565
105.426
95.0709
45.1267
53.1111
99.0292
100.905
75.0802
70.5093
78.4535
62.7494
57.1029
49.1094
72.1513
82.3095
70.8207
25.7787
38.6426
53.5959
85.4891
9.77416
50.8937
64.9835
62.2855
19.2123
93.3603
16.4952
80.5319
88.3942
70.018
87.3557
96.3483
43.9215
74.4894
59.0808
64.8415
64.2524
113.774
93.381
127.885
99.1423
91.9516
94.8512
96.9466
78.6294
146.107
88.8856
59.9968
49.528
77.3605
53.9694
81.4003
70.6447
109.779
110.193
55.921
63.7147
71.5971
65.239
59.7659
125.806
114.021
18.1408
55.4026
70.6803
29.9561
112.671
111.648
142.93
64.6089
56.8175
119.915
77.3933
99.3311
90.5567
66.2264
29.8512
91.0949
33.3881
137.77
57.7346
108.765
98.846
62.9205
39.1824
88.4377
85.8122
49.9893
60.9108
73.4776
91.0121
73.5778
52.5051
57.1253
150.656
55.4798
59.2853
84.1163
50.614
105.294
19.0003
52.184
87.9583
38.1436
68.5346
39.8473
71.7914
27.4356
18.7806
97.6328
52.7116
69.7471
51.5755
126.764
97.2109
44.1122
59.6064
104.519
68.945
132.671
115.117
72.8031
41.6672
111.798
124.981
61.8627
88.8437
118.249
108.292
18.1938
32.7353
83.0284
96.7268
61.7403
42.9787
116.485
76.6949
92.6577
47.5774
113.021
95.1501
55.2359
58.0372
109.599
53.0822
69.8625
144.356
113.154
97.616
80.5053
110.299
60.1983
73.5435
61.2642
97.6815
87.2242
71.6357
114.668
35.172
49.743
73.4219
118.495
138.014
74.3256
101.085
47.7906
82.8792
119.605
45.7721
66.6486
57.3063
67.3654
96.5897
86.1544
91.5478
49.9665
65.213
97.3803
68.1569
28.7599
62.1388
58.3282
36.4299
44.3998
50.5106
97.3553
69.9563
106.91
55.8564
61.3465
78.6982
63.104
129.239
62.1272
121.963
116.051
100.811
72.0762
144.604
53.0383
79.3366
26.6697
29.28
28.5829
46.618
44.0255
48.1256
78.3614
80.0218
113.74
61.7637
37.6946
41.1327
50.238
58.8505
111.784
90.1958
87.5079
18.2572
58.7197
46.5807
45.8584
95.3446
96.5551
111.265
56.4009
118.588
45.7905
57.6798
64.713
55.2076
96.4614
55.0186
96.9087
31.6817
81.4106
33.3367
70.8245
105.133
112.019
100.834
34.7996
66.5844
18.725
75.1384
69.4541
43.7019
52.2105
107.634
65.0184
85.2942
40.4562
80.9465
78.0378
79.3676
82.5274
64.8731
81.3505
59.3443
118.853
96.7625
46.8497
61.2879
60.1192
31.8053
57.8529
76.7444
118.193
80.4769
90.8772
93.2128
62.6474
90.795
79.9636
100.829
54.9934
94.3232
15.2496
87.0428
50.9585
33.5648
124.427
74.9483
88.9537
88.6703
86.3299
60.8598
113.322
108.004
103.786
77.8692
58.349
85.4541
47.4315
61.3277
10.3601
78.5025
27.928
127.591
82.9458
80.0514
74.0211
59.4038
87.2556
27.173
76.4333
112.432
27.3876
37.0353
53.5019
57.0946
42.5722
109.289
101.811
99.0422
48.3977
86.3773
92.5715
19.3824
84.0941
55.7526
70.2555
76.3432
98.9569
80.9471
49.5839
70.9868
96.4942
37.961
102.438
45.0991
108.453
73.0294
72.9195
40.9528
102.042
70.2806
63.5799
37.0751
96.5507
40.1012
93.6598
67.5028
103.066
85.9248
40.7003
73.0566
52.1959
124.872
70.8271
50.0512
25.8758
82.3514
50.6227
105.911
111.58
60.8089
93.482
77.087
28.386
97.1029
64.71
28.7764
78.9585
75.7826
65.1603
109.859
92.3917
92.0585
66.6831
35.4474
84.4846
77.3001
117.298
116.655
87.0783
62.1279
80.4864
76.0794
41.0908
124.914
41.1105
101.632
101.825
77.5161
107.518
80.8287
67.8381
81.9529
50.9807
92.0016
57.3201
103.515
95.3497
98.7641
44.2991
63.6632
87.5456
89.2695
48.9194
90.91
40.5434
95.2273
60.8783
47.0795
121.913
19.8027
128.538
90.6304
82.3441
42.6693
92.8403
69.1445
65.4362
124.364
93.5803
53.0667
19.7017
97.7358
62.0508
93.6757
101.456
114.429
94.132
90.4758
109.864
94.4808
40.453
34.1236
54.623
45.5433
90.7605
46.8534
122.316
86.6518
100.776
86.8176
72.748
94.8051
59.4611
64.6437
80.4462
77.2001
91.6535
56.242
81.3467
109.673
69.8237
101.961
61.6624
72.6929
74.1832
45.337
76.1957
24.6053
58.0935
96.7945
25.3579
87.4241
76.0532
93.5555
68.2232
39.6377
53.5829
88.9082
147.7
85.7979
82.1463
42.6317
36.1364
64.6421
98.3615
68.8486
85.2318
91.5978
43.6683
41.7571
132.218
86.2569
37.0396
103.475
94.95
114.395
96.0205
25.6071
25.3926
96.9213
75.4884
92.3682
43.5213
74.7916
56.5908
63.0957
41.5823
49.0327
107.338
55.7819
43.4071
19.8536
75.45
19.6911
67.5802
59.6621
92.8152
69.5082
21.9335
56.0497
45.0985
94.0769
114.413
99.0397
86.9553
79.4933
111.709
88.406
96.4511
94.932
130.969
126.026
122.27
72.5542
73.2379
89.0009
26.347
74.5761
86.09
52.8018
110.296
42.2068
72.668
35.5329
67.5188
60.7022
22.4319
81.1101
140.777
70.7322
75.7273
80.8818
58.4848
104.994
62.4498
48.8883
58.242
80.8606
38.493
52.5161
73.5773
80.4387
66.9733
43.5625
57.8588
125.927
54.5927
49.9719
65.9535
21.7283
66.6399
72.8326
18.2412
77.269
102.679
74.905
100.141
80.1273
73.0451
75.2275
66.0913
37.9359
72.0618
68.658
58.0745
48.28
82.5921
82.1571
84.7817
55.9242
34.6039
48.963
40.7626
91.4898
78.5877
145.345
67.025
118.13
27.5911
61.3296
117.124
82.4574
136.138
50.4478
105.267
45.5875
70.1843
95.1798
56.3595
94.6202
43.3059
105.213
86.1909
73.4793
79.5901
81.2298
35.5429
71.2085
78.7159
98.5259
103.645
59.0493
97.3231
42.4449
94.2175
55.4136
36.8646
81.2494
19.3315
124.584
99.5269
29.4997
46.3378
80.3368
102.549
36.3583
83.4123
65.7564
29.7978
58.7871
57.5431
64.5268
106.289
67.1726
99.8276
79.0538
87.0629
103.173
63.132
67.2452
73.3769
58.4167
98.9364
69.9986
84.2994
62.6377
87.0499
38.8101
95.1802
53.7542
26.5368
65.6092
79.0512
20.4031
54.1804
30.4919
68.7596
97.6081
83.2533
108.333
83.4984
70.0786
46.0761
76.979
49.7522
95.0131
108.368
69.0789
96.9629
16.8976
12.7646
41.4202
60.4659
69.8771
85.4693
45.2113
74.4782
93.9711
72.0062
39.7023
98.7089
112.85
41.1713
142.932
64.3768
90.3423
100.111
101.292
43.6481
75.1434
94.8837
74.5113
33.7788
102.715
26.0316
39.5277
88.6747
65.6467
34.6512
69.6104
72.1411
65.834
11.6307
57.2418
72.8813
73.283
26.7347
33.3243
63.6048
43.2695
75.6466
112.759
104.331
75.4745
56.6966
45.5926
60.2954
90.3206
115.608
55.2905
116.905
59.3809
32.7479
74.394
42.0636
118.94
69.2202
71.9925
74.485
97.6396
107.613
32.018
135.276
79.1729
75.9711
45.7485
91.023
114.333
40.6537
54.7889
35.9987
77.3095
88.8928
77.0378
45.9707
78.0877
60.5446
65.4548
82.2465
95.2296
56.2081
58.7257
46.2078
87.4231
105.765
90.9673
40.0044
79.2298
71.4124
66.094
47.7332
92.6171
76.6599
71.9878
94.2037
43.245
33.7359
80.3026
41.8996
34.4188
42.7968
112.672
62.4851
61.4618
20.3357
85.6103
58.71
113.463
131.883
54.5968
64.8012
56.4116
68.3633
50.8005
56.3268
11.222
67.8078
47.8053
70.4436
53.1295
49.7858
74.6267
71.6735
76.4227
36.4455
100.201
51.8287
107.339
108.095
75.7008
143.634
83.0052
114.24
85.7513
87.5318
98.8291
91.2761
66.3695
34.7677
93.7942
61.8495
34.7649
78.5696
49.1286
66.5941
92.6283
20.7736
61.9247
20.5287
34.8363
49.6751
92.93
100.687
60.3859
108.249
81.0478
51.3118
103.922
74.9576
119.587
52.4478
60.8873
85.4295
86.474
101.484
58.5776
22.4933
45.377
45.1073
49.5737
90.088
26.2009
118.605
52.0239
114.684
38.1246
51.5944
79.1
92.1836
86.1089
81.1804
64.6695
73.7941
52.9508
140.292
87.1011
92.2041
105.619
92.7301
58.2088
89.357
71.4649
31.8391
21.8434
66.9472
100.864
60.1982
124.474
99.0353
73.5799
55.2512
96.9633
71.9451
35.3372
108.489
80.8487
56.5263
91.3944
6.82268
78.4827
45.0857
57.577
80.3411
42.8846
17.3189
127.8
86.9601
94.8534
21.388
50.0313
50.0861
85.0984
36.7678
76.2338
29.654
47.8648
92.5156
47.6361
74.6199
67.5684
89.7803
80.0583
20.5744
118.39
44.7326
41.0089
82.8124
45.8038
78.9156
64.2124
31.8946
144.886
77.3697
47.8865
96.4182
48.1914
85.0975
89.6109
71.1352
92.4544
114.693
23.7415
89.2732
107.868
87.7427
127.056
89.8401
92.7023
69.6852
82.6118
73.9163
60.2089
18.4274
76.5556
80.9712
93.4465
109.705
26.5679
37.2617
115.009
68.6293
67.9269
86.7306
51.9346
131.982
94.0908
94.0003
133.07
100.947
110.205
44.7087
64.7505
52.1737
44.1324
93.8203
42.8128
77.0921
45.8594
74.1674
61.9303
32.528
49.0119
12.1365
105.688
50.5962
29.815
67.9549
28.887
120.187
63.1626
107.883
53.414
22.4837
60.6194
68.3772
118.218
88.6212
64.6313
99.0829
56.346
50.3579
58.0368
59.4668
66.6299
62.2105
119.849
72.425
108.896
70.5311
56.2804
69.504
83.1204
65.3533
116.395
56.51
74.3094
118.655
94.6881
64.6829
118.219
34.0319
91.6911
49.2049
46.3752
36.0733
48.5252
71.5579
90.4714
70.2391
52.8928
60.597
94.7718
118.626
80.5024
83.3161
29.7836
54.3572
121.544
35.1099
42.4847
103.231
66.5089
119.67
79.9021
142.829
157.508
38.9558
100.465
68.0269
20.8622
80.0871
63.7397
131.985
40.5344
60.6183
51.829
99.399
129.773
107.566
96.6157
57.8207
68.9472
52.6088
75.4816
109.277
35.6297
39.9787
92.4679
71.2525
24.302
76.4687
24.1845
29.1327
70.744
76.2796
66.606
47.3986
18.5294
35.6569
102.098
69.3824
127.874
45.4215
61.1045
59.4923
34.8135
63.3337
39.3824
31.8219
61.3136
73.949
115.978
87.0911
78.3221
100.46
59.1646
46.2636
39.2071
33.6613
41.0822
56.1711
32.9372
102.379
128.78
94.1093
37.1783
60.8124
58.1523
43.3598
50.8944
8.47845
60.8394
20.7535
119.562
20.9059
36.7283
99.6739
98.7214
94.0536
140.267
59.7956
46.5083
98.3597
130.156
36.1433
84.016
92.0078
87.561
118.394
51.2011
88.0543
46.3602
104.58
65.1439
70.4121
77.7814
59.1805
57.8372
75.672
52.4483
65.0637
66.4192
102.607
54.6137
99.7806
83.6441
44.1188
91.0452
123.975
84.4164
101.283
71.4556
69.7798
108.42
74.3344
85.117
62.592
110.896
82.4371
73.6146
50.9916
49.2171
55.8
82.1039
80.3554
91.5831
92.5044
119.846
63.4218
128.504
53.0526
38.3308
16.4594
63.1363
55.7391
17.8108
27.954
76.3147
32.0451
98.8945
71.8971
78.2318
85.0203
86.0028
75.815
54.0048
57.1146
65.6974
75.9071
81.6211
67.979
80.9455
106.75
120.962
94.3944
47.1249
63.0988
96.2021
127.668
53.3779
81.7411
78.3952
90.0382
52.5443
93.8107
56.2964
81.5444
58.3068
103.301
92.968
73.0997
97.5836
92.644
90.9651
61.8284
65.27
84.9452
96.4427
54.7622
80.4694
152.913
93.4433
85.0626
50.5448
83.9537
77.5118
136.973
50.3498
88.5118
61.4727
82.7021
36.7318
63.3718
121.469
33.8814
63.9068
25.8599
54.6506
18.1765
24.5319
64.3822
85.3034
51.684
52.8262
76.0487
27.5646
134.813
97.9885
73.5989
100.117
24.9399
64.916
48.4543
78.0139
43.0314
73.1439
39.926
54.2583
97.8838
60.7111
72.6669
75.4792
106.547
65.1808
107.849
66.6062
73.2497
137.881
52.1177
91.5193
57.5802
104.454
76.1102
116.801
93.2093
18.8947
95.2201
91.2064
65.8085
116.114
52.161
98.9552
88.9106
101.098
55.4583
117.881
90.036
36.2721
63.0753
77.7176
73.0138
83.398
116.032
45.1829
106.842
85.9758
39.2501
50.15
98.2647
93.9354
30.5176
72.7301
9.86507
76.8642
21.3098
76.1455
74.8305
79.6423
116.449
60.8515
46.4244
113.453
42.2037
117.107
86.033
120.716
57.9611
65.7256
110.042
86.5253
98.8906
82.0542
94.793
101.669
88.6299
65.7434
59.9099
59.7886
29.4617
93.407
58.5493
19.2516
88.3247
49.4247
45.6276
45.6937
43.7736
96.5731
138.096
89.9088
96.7215
107.206
28.5383
44.192
62.4556
90.0256
71.0194
72.7071
109.882
119.333
93.3068
129.742
69.2498
52.1916
47.8792
73.3907
113.805
6.18333
59.025
89.3156
13.4587
87.5549
89.9209
93.1241
102.524
78.6219
75.3862
98.6839
42.2048
35.3165
38.5423
88.9208
15.0092
123.024
105.182
31.1308
56.5203
65.467
86.3667
61.013
38.2505
86.8242
37.5886
126.872
82.913
91.328
68.1204
35.0824
82.2272
34.5469
77.042
60.4426
84.597
76.0159
42.6108
27.4868
37.0651
81.5121
15.5415
124.807
83.7298
88.3458
74.7286
79.5255
72.7235
107.175
69.6676
125.722
83.0903
95.289
52.5394
58.7689
41.618
14.1029
48.6895
53.6795
50.3353
32.782
74.4901
53.0532
91.6422
44.978
78.0016
55.1697
67.3999
56.2446
139.037
77.2742
55.9478
64.3452
56.0665
134.367
76.0492
57.5727
70.979
25.64
41.741
84.3393
36.8822
83.2313
59.0321
58.106
72.891
147.583
58.8593
91.2165
102.756
123.723
65.1672
77.2751
45.6993
35.1676
61.9174
105.113
99.1303
12.0219
110
112.155
98.7927
83.6007
40.0617
83.1641
89.4825
58.5888
51.2552
58.5136
96.6001
74.638
91.4212
106.925
50.9876
91.3457
67.4786
73.0611
89.7853
84.1517
78.7558
57.1621
24.5869
71.1748
68.0718
93.1035
96.137
112.712
70.3773
74.9148
107.623
85.9233
67.5014
42.5599
59.7017
45.5976
72.081
92.5103
78.7318
51.0006
36.3623
59.3056
39.5435
103.851
17.4024
82.771
29.6667
102.633
33.2773
40.6727
60.1646
59.7464
87.4376
83.3393
48.3293
52.8679
112.784
39.7138
52.2699
23.763
49.6353
33.5394
57.3786
144.743
28.3786
76.6203
52.0728
75.6147
71.0531
69.1344
64.2944
68.3784
98.1862
104.527
38.4424
68.8911
82.3068
68.2974
128.08
67.1386
63.532
110.16
54.5092
105.902
48.8701
70.0445
123.66
53.1414
103.579
76.8555
36.8865
81.0772
79.9397
100.035
87.1566
74.2728
93.7317
73.6302
26.8849
121.103
40.1721
114.63
78.5528
88.7627
36.6828
69.4623
104.643
87.9269
57.5318
111.112
132.733
147.365
26.5629
57.9677
37.0926
75.1304
113.178
112.455
72.1822
127.559
76.4826
65.4613
96.7795
30.6888
80.6773
49.3618
44.7087
83.5627
89.6048
87.1993
42.7037
55.1834
102.545
110.892
129.791
143.827
15.2584
40.7061
79.4024
72.1946
42.4892
53.578
12.5957
79.5583
58.8213
112.924
98.0874
92.0348
41.8678
56.0135
62.3214
26.8167
80.4928
68.8612
106.457
64.4151
77.6125
100.585
46.7679
90.635
102.359
107.759
57.9216
62.6404
63.6678
104.122
70.9446
92.6781
35.6187
83.9683
69.5035
85.1655
89.3288
52.9245
69.3589
107.661
69.4419
84.1953
51.5431
54.9508
66.8866
85.5686
43.2454
44.3876
74.7556
90.0463
46.0464
97.9851
106.283
94.4635
42.6652
81.2145
121.306
88.5406
71.0571
91.1628
74.9341
129.928
115.634
79.1024
23.1033
48.5338
82.8615
123.241
71.8081
61.6781
40.8533
103.94
83.8606
52.6058
50.1361
58.3524
55.7916
77.6456
72.7518
70.5067
54.8211
68.2895
94.9799
56.7833
68.1015
90.8914
88.3731
76.9472
69.81
41.1668
96.5075
87.448
120.892
58.5801
87.8348
98.2688
75.1533
50.3525
60.3803
69.7479
20.3313
39.866
96.1794
79.4392
35.5156
43.5203
89.2538
54.1616
101.524
100.915
131.38
78.6192
32.7601
55.8542
90.7644
29.4545
73.0383
141.486
58.2405
103.214
102.228
81.1668
125.002
92.5117
16.9093
57.0675
38.7431
89.4236
77.811
73.1359
35.1101
23.3027
42.6663
24.2278
101.629
57.9156
51.3903
27.9126
43.2264
39.3019
69.1342
38.9064
80.4123
86.4056
44.6898
47.6801
43.4979
66.2236
100.498
83.4763
101.188
29.5192
109.255
59.388
99.6003
45.0517
43.4807
15.7093
99.8182
96.8723
59.5105
51.4508
79.5315
79.9673
87.8732
52.2276
64.1155
100.573
33.5002
133.204
53.6057
87.5632
60.4088
75.4965
78.5214
122.562
98.5778
74.5511
105.551
22.9745
63.2204
69.387
52.9539
45.1073
72.1326
104.512
59.9252
121.804
33.1179
80.2517
81.2063
7.30506
74.7441
53.122
55.6627
76.7809
75.3304
62.5755
70.7522
134.618
127.334
68.4451
70.267
56.5944
71.1144
51.8314
4.06738
87.5408
101.973
96.4736
77.2818
13.4591
38.4765
42.8772
83.9335
48.4846
140.642
85.7181
72.3644
103.643
76.0627
81.9936
71.5203
15.6807
27.9484
114.868
89.3638
98.0517
50.288
127.956
73.6952
43.1809
36.0736
53.8601
116.063
43.2537
69.4448
55.5814
83.3409
23.9598
57.7382
117.782
99.1065
72.3046
48.661
128.278
82.8462
69.7002
42.8201
111.986
55.5423
61.7559
19.3656
101.809
73.4455
86.9142
135.807
115.597
64.4616
89.9823
19.2231
89.802
30.8718
30.7123
73.2256
27.4512
105.467
67.3899
53.8848
63.608
101.143
43.1596
93.9252
68.5939
14.4867
30.0453
64.0859
57.6498
127.243
87.1475
60.5823
123.969
34.3535
58.3215
62.2702
81.6438
128.89
33.028
73.6334
86.8979
88.5685
51.3488
52.6619
131.374
41.0633
39.8817
54.8284
52.8874
30.218
25.1726
42.4272
68.3279
80.0065
104.909
56.3352
55.7851
99.0993
111.854
133.508
83.634
53.6698
34.2241
53.5016
47.8501
119.056
91.6449
90.1906
114.062
59.5653
91.7771
56.3921
116.175
64.9552
119.19
98.3365
41.8361
82.5586
81.349
56.592
81.1077
44.462
100.743
35.122
81.9882
49.0233
88.6116
82.4777
132.291
78.79
76.2118
64.5399
48.8552
100.371
121.583
81.9412
92.7582
85.073
90.6114
93.6187
19.0432
80.945
83.7752
49.2985
75.6181
72.971
88.7895
76.2184
75.454
95.0504
106.755
38.1789
79.0236
138.044
109.677
92.4769
88.6
37.5627
79.4431
69.7682
69.7132
105.411
81.0379
112.352
42.8928
109.727
47.0388
21.9758
26.8804
105.04
65.3755
47.8346
65.7829
48.6466
57.1117
96.6688
97.7045
35.0701
138.845
37.6037
64.7778
82.3664
81.5016
86.4434
87.758
65.6869
68.7751
65.0766
52.2773
79.1623
113.462
99.4252
118.448
67.0192
31.9105
55.0298
84.4912
84.2102
68.4166
31.1295
112.549
97.804
28.2812
77.5425
74.6354
104.231
87.6377
64.5608
43.0854
85.6551
71.6809
109.877
94.5356
70.9022
96.5656
85.54
107.585
71.1544
34.1547
105.998
36.6365
82.0352
118.976
90.5258
87.1827
80.4536
113.396
112.374
42.5636
102.464
93.1346
21.9851
27.3714
35.9069
53.6711
68.7512
44.0245
119.488
100.13
51.2286
57.3368
92.6766
104.103
8.5307
60.0987
64.8175
99.4315
85.2141
93.4974
53.6205
100.323
81.7615
103.927
67.2155
33.2052
64.1848
79.7415
75.7608
112.464
49.4902
49.495
53.2325
42.0723
71.8205
39.2067
76.363
32.4512
68.6182
40.5444
69.1899
66.9025
102.955
82.7989
31.2077
102.203
64.6768
95.029
33.9774
20.3117
53.3745
54.3854
89.8333
65.8091
111.851
134.644
52.7365
119.6
109.77
53.0953
83.6405
68.1526
63.1766
65.534
60.9595
58.8532
44.4021
69.3521
88.0583
111.997
92.3626
57.8766
97.7585
64.5254
69.0383
38.9021
39.0136
100.267
64.4904
47.7851
33.0545
58.7932
76.6856
72.8756
64.5971
81.9939
122.594
57.933
51.2102
63.1933
111.165
95.7012
51.7714
52.0967
82.1706
100.77
61.5999
46.1646
74.3287
82.6648
53.2694
44.6085
104.849
134.432
121.133
69.1264
118.151
68.9026
120.431
94.7263
125.137
82.2678
49.0929
61.8819
60.0947
88.848
132.045
76.7726
48.4013
72.2542
105.699
127.606
122.638
105.455
27.5278
22.6139
40.086
79.0079
77.9452
56.9337
86.6429
92.2911
87.204
57.6355
40.3271
98.3511
83.4378
47.797
122.748
134.107
59.0497
108.799
96.3454
58.7897
122.278
140.713
81.954
85.2646
34.4104
45.8236
84.3883
47.9914
55.8127
96.322
56.6651
72.3075
44.6206
93.6915
80.9101
46.8982
107.753
141.574
88.6434
81.7246
75.0398
116.612
94.1067
88.1095
83.4968
64.8125
71.8663
56.6432
84.6865
63.8514
44.7594
108.267
32.6416
92.8023
79.7913
109.221
106.638
52.2451
17.1673
82.6179
72.3942
79.6703
132.079
80.9139
79.2286
54.9907
30.2828
121.925
79.0146
68.8999
43.0072
37.4009
80.4986
114.358
56.7511
105.004
71.8641
101.186
39.1442
111.42
37.5149
85.6283
81.5012
90.8447
82.4076
104.673
43.1771
101.623
11.0159
99.9871
71.2168
104.126
80.2753
50.8596
52.4368
30.7581
88.6984
109.093
76.0807
75.8237
94.4659
54.9947
142.087
53.0672
11.656
52.3167
77.5035
95.7047
87.6859
33.6107
61.6661
96.5317
77.0901
69.6933
73.743
59.8328
94.8841
103.617
56.3407
101.032
104.914
94.1002
48.2388
61.8539
69.7282
54.3036
63.0995
111.977
45.9678
65.2224
45.667
86.9772
96.6347
52.2792
82.7757
42.6901
72.6767
141.194
77.3743
55.7929
80.3684
101.66
97.2998
93.204
90.1593
27.3538
35.2765
114.144
108.465
80.9582
76.4549
96.5952
103.582
31.4545
58.7824
137.536
84.1177
95.8165
67.0148
102.169
84.0202
82.6134
103.931
53.3078
98.8804
84.3408
87.3244
117.288
86.1943
73.1141
79.1902
35.1904
78.6154
69.5154
43.9641
65.7086
87.8346
58.8978
90.9721
70.1618
94.1179
59.4973
120.245
81.5195
43.3921
58.392
69.1621
74.5272
128.607
41.9992
119.502
134.171
60.5034
39.6433
45.3871
34.1987
56.5786
91.6357
45.8211
111.889
76.6827
39.0098
76.1648
45.135
41.9798
96.5998
42.4605
116.351
61.743
59.3982
78.7067
69.5916
95.3414
67.5682
106.6
45.6471
20.9074
34.1788
20.0466
101.713
76.319
59.79
68.5732
44.347
91.2571
46.9744
67.1281
29.7739
86.4489
69.3595
116.199
69.4354
94.3536
120.24
70.4408
44.1385
13.6999
35.6946
64.713
53.1184
114.037
60.268
63.7445
65.1785
107.083
47.6801
123.466
104.07
105.76
35.5824
65.6779
22.2505
64.0815
119.736
28.8095
64.951
78.4002
130.963
66.1673
22.9181
114.156
100.732
62.8781
74.91
55.7408
91.1905
23.4512
45.4646
54.0077
73.7611
88.6955
77.8328
103.076
110.313
71.2828
76.9423
74.9287
74.6188
29.6283
44.1715
109.029
65.1278
66.76
112.111
73.603
53.8285
103.196
89.6684
101.71
18.7192
33.2244
100.082
54.9009
41.2418
67.3619
78.4359
42.8185
77.5047
75.4856
67.0642
79.0167
84.216
87.9299
61.2826
24.4961
22.4568
59.9286
64.1693
39.5511
54.5075
88.8588
77.9818
63.1508
37.3057
65.5535
52.5843
39.8849
22.8922
75.4198
35.4918
49.8329
56.0664
56.4902
71.7463
53.8575
60.7483
110.625
46.4131
36.761
44.6444
63.2422
83.1682
80.6585
107.937
94.9772
120.706
84.9375
66.4018
82.4163
57.6749
82.1704
95.9567
29.8306
31.515
94.3379
39.0028
112.868
42.3546
59.5053
80.4783
74.6145
80.4492
105.035
89.9354
44.777
85.3724
82.4407
53.0064
105.306
100.347
89.967
32.4342
106.429
70.2653
47.3885
44.3678
16.1684
46.0081
80.9181
74.9235
75.5508
81.5156
120.25
91.9612
65.9179
96.2536
71.4687
97.9641
80.6283
82.9063
106.626
62.3277
76.7204
48.3101
85.2458
71.46
116.093
112.317
45.8562
71.0442
30.7721
60.2227
40.0223
107.545
76.9909
98.2312
26.0578
70.9971
63.0583
49.922
63.0706
87.2134
36.1512
131.037
69.9823
55.8861
100.06
90.0486
60.8585
38.9301
85.1914
80.3349
103.259
50.2635
109.842
26.4284
71.108
78.8706
93.5026
37.7024
79.0958
132.004
34.6144
97.3031
53.1031
75.3767
45.5748
80.0572
65.3568
84.0576
61.6346
115.33
64.2595
100.953
82.4937
68.8742
106.234
92.8397
52.9519
114.496
74.875
132.804
45.8514
96.2348
108.284
72.0587
86.2254
97.9617
47.7609
42.0533
66.7451
49.0794
81.076
66.0101
109.412
110.449
57.4692
98.4141
58.8358
64.4457
88.4866
42.439
98.5167
103.742
78.69
110.486
21.0557
48.5859
85.7285
89.8485
112.815
68.9925
25.9832
78.2191
67.5053
92.8306
39.6269
83.0929
102.845
113.81
78.6405
116.692
18.6464
100.517
96.8099
82.4272
41.3554
74.96
45.3908
40.9187
76.8753
38.725
84.7414
107.722
35.0816
55.874
55.0011
120.971
70.8121
34.7854
41.6797
55.5384
72.9912
46.2406
104.082
75.0758
82.7888
48.0093
130.475
106.041
110.729
54.1363
93.1726
65.8119
22.2452
26.6442
92.1629
45.4008
71.2851
12.5649
109.307
105.585
36.3695
35.5369
78.5271
69.698
115.806
85.2344
83.6621
82.3585
105.827
88.6394
59.3784
107.895
42.1858
40.8301
53.296
37.7683
104.507
83.9564
73.5406
89.1956
94.8042
89.3485
108.655
84.2574
69.4342
14.5568
75.4924
111.288
92.9059
74.6929
73.3263
96.1155
61.587
63.8495
54.3577
65.9957
81.9951
69.3306
50.2027
99.873
67.947
34.5129
88.7181
77.5714
60.9201
109.891
118.308
34.5259
45.3702
52.8382
97.1927
68.3163
62.0508
95.7232
73.7376
105.968
97.8015
109.827
75.9132
51.8863
30.5679
60.695
112.657
27.3674
128.613
50.8405
18.9451
93.6033
53.3031
32.1166
126.351
112.798
35.9906
34.2091
126.66
39.4037
91.8891
74.7347
132.875
69.0091
97.611
115.962
110.321
68.6296
103.488
82.2725
44.313
94.6496
88.2969
104.038
74.1874
75.4047
90.7536
111.17
49.4573
21.5136
116.638
90.1369
87.1417
27.7322
72.6506
84.0098
102.101
101.111
47.1999
93.728
78.6132
138.137
63.1906
92.562
62.7769
36.4547
39.087
113.13
76.8861
116.141
69.1445
51.3019
88.576
53.8278
51.5956
81.1336
65.7457
38.4822
124.261
75.3838
94.6891
91.1946
69.9967
46.8278
80.1008
80.0323
61.2831
39.9396
77.5827
108.549
61.1473
102.566
61.4033
98.7493
136.203
104.836
103.091
68.8854
103.413
87.7448
111.994
54.1539
110.201
113.214
80.5631
43.9474
78.1249
51.4324
89.674
49.4359
53.4408
84.919
43.1064
88.5938
92.9539
104.506
48.2027
69.3339
81.6935
61.1589
38.337
37.1271
83.5582
69.888
98.0043
90.0714
71.67
37.2074
16.2124
101.605
105.979
70.1568
70.9578
23.1081
66.6904
46.1587
104.006
51.0789
60.2714
93.4131
139.33
55.3483
76.2012
47.3997
52.9754
70.639
50.0026
65.3966
34.7014
65.4595
35.9372
42.879
93.5838
68.7119
92.3921
60.7234
97.2478
113.45
70.3632
107.231
115.318
57.9763
105.995
97.9904
49.0043
28.3644
67.7847
82.3588
72.099
101.709
79.5692
48.4231
86.3535
58.919
69.5532
108.931
91.5661
31.2167
97.3274
77.0598
63.3723
116.437
57.3696
53.7257
65.501
84.3643
122.647
27.7088
101.106
41.0585
59.6384
54.2314
92.2768
102.575
73.385
132.735
92.7801
99.1289
74.5665
57.4536
67.7178
75.064
110.857
139.189
82.3342
138.545
76.726
40.8552
66.3256
24.8214
74.0559
95.561
64.2377
69.8594
80.4228
79.9424
25.1887
38.4731
125.007
86.5606
53.1144
50.2455
60.085
51.681
30.0602
45.9348
87.1789
90.0689
105.954
110.634
63.4502
25.8489
35.9912
39.8625
86.937
81.3124
79.2728
30.9482
54.0802
66.1271
38.7175
68.1539
95.9227
58.2529
106.716
76.5778
92.1169
59.2769
89.8012
78.1364
74.2071
36.5952
83.2904
132.111
28.364
83.5111
24.3929
73.1133
41.382
95.2866
85.5101
52.2204
26.8868
30.1255
27.1705
37.4639
62.1768
60.8601
88.6465
74.3071
52.1271
65.8343
41.0894
83.3709
80.7335
36.6219
111.187
86.7928
61.1528
24.0238
83.1485
68.9649
70.4641
66.1682
51.5536
48.527
88.6412
47.1946
61.8799
92.8241
37.4314
128.995
50.1437
55.1859
80.6576
34.6671
38.729
27.1487
55.6019
85.1207
42.0144
107.456
41.2482
84.0776
77.2638
50.5729
114.274
119.019
77.8176
65.5622
89.8694
56.0944
125.742
38.1714
84.2134
66.5062
42.0316
74.1843
47.476
85.2153
46.8002
120.501
80.0162
52.7471
57.0947
42.2331
71.0857
59.9163
74.5362
65.1777
61.081
60.7765
74.7008
76.5847
67.5132
58.2891
71.9769
47.4056
44.3538
131.733
21.2422
40.0026
105.937
155.595
36.4561
22.7008
121.134
44.0102
95.9585
75.6175
84.6053
123.389
65.401
45.8507
47.4857
34.5221
75.6095
70.0186
55.9515
72.4137
66.8265
106.143
93.4221
16.1268
55.5145
48.2866
108.307
105.198
90.4722
57.8984
66.3517
50.7157
45.3303
44.1646
85.5052
40.1104
111.666
80.6021
104.503
94.4716
55.8378
54.7152
30.4731
139.901
119.624
20.2661
85.1793
48.7648
54.4616
79.8995
129.346
110.058
41.9908
41.8913
90.084
34.1109
111.513
111.428
60.057
74.5868
59.9523
69.5835
111.532
132.009
51.2522
118.769
49.4163
70.9285
46.0989
39.1709
50.4133
55.8004
89.0535
80.3821
76.9469
94.2237
96.5058
54.3857
118.776
47.5414
68.6431
82.5527
66.6801
80.4937
40.1288
78.5629
105.876
38.6127
38.6043
54.2617
60.9644
94.618
113.128
119.188
104.434
56.9142
54.2115
44.0269
68.5052
105.749
66.6696
116.914
77.2937
137.797
67.5468
22.2475
113.695
96.4915
81.7028
79.9574
55.812
104.561
26.348
35.4006
65.5467
65.4172
53.5157
65.0548
37.9604
26.1511
55.6534
103.286
96.5408
41.3842
19.7933
41.0153
86.9926
132.46
44.6949
28.6192
34.4582
81.6186
99.8194
65.6365
83.0562
10.165
104.788
145.027
35.8994
91.8891
52.027
73.7799
72.6599
55.0272
20.7906
16.1387
106.615
74.4228
28.8232
61.3289
117.652
50.4377
61.4233
65.7756
89.9097
50.8139
67.6346
55.6676
39.1058
118.979
80.8443
92.8885
52.4446
47.3533
75.6525
70.8543
90.1614
117.151
90.0947
71.5573
16.6839
88.4032
51.4023
104.017
63.4885
54.9198
79.6652
112.246
77.891
23.1056
76.4925
70.1205
62.9299
19.7214
110.357
145.946
76.8902
103.483
119.317
68.8239
85.5096
88.0447
137.29
73.97
62.8525
73.1736
37.2919
58.0976
63.8
43.9914
75.0436
36.7037
127.779
90.3172
119.045
38.9522
70.1909
125.621
106.321
119.917
92.361
82.8293
70.2724
78.4324
44.3125
80.2534
53.5532
57.1743
109.356
81.5124
95.7282
57.4083
41.9802
37.5651
92.9478
54.9023
51.5208
102.44
111.666
65.2243
62.9147
63.6292
78.1303
21.715
45.659
75.621
122.28
100.105
38.8091
95.1565
136.837
54.0342
42.9744
100.63
63.2935
99.7656
118.109
41.1939
68.3854
66.0577
86.0465
78.3296
45.4981
62.2868
81.2267
66.2448
99.5303
50.7613
99.1811
69.1678
56.4544
92.7732
94.0603
42.23
45.1432
82.5084
69.5788
104.915
82.9792
75.4121
73.6675
38.3975
57.4874
87.3473
89.5142
73.3972
119.786
62.8586
85.3902
132.416
51.9768
54.8636
106.738
15.4445
48.9633
88.8181
101.387
53.3813
17.7009
28.765
71.5382
33.3077
91.0391
84.9532
64.9963
58.8762
97.658
30.443
79.3412
71.454
116.97
28.3574
77.1567
51.747
89.8708
72.0656
90.6976
57.8993
61.2664
73.8235
26.7964
56.0308
103.138
39.0977
30.5762
79.4663
100.725
52.8283
43.3592
70.5565
10.9043
29.0711
114.588
59.3235
55.8333
80.8405
85.2043
39.908
83.8556
110.399
73.1849
99.8836
40.1924
128.966
35.9524
95.6362
77.2561
92.9068
52.8649
65.8337
61.2011
78.9358
117.461
70.7566
77.4715
129.068
72.9185
101.563
60.8692
90.4172
101.441
86.0724
34.9069
49.9056
44.256
70.641
58.2537
70.0109
73.7338
85.2838
123.474
74.3943
90.2184
58.958
74.8575
98.5256
107.656
56.9929
37.7718
100.182
43.9297
53.419
30.0539
60.5231
74.8055
107.616
96.6748
114.234
114.084
48.2558
34.3259
46.7447
86.9686
60.6751
121.372
73.1724
107.085
28.5264
110.343
129.11
120.883
97.5617
100.014
29.7651
124.626
83.4265
131.908
49.9816
134.334
77.7128
75.4629
59.3369
32.0645
60.0597
20.7176
64.6698
83.6413
90.2358
103.745
67.256
102.733
69.3993
81.6009
95.9351
87.3118
110.571
55.9548
112.62
24.3256
45.0878
103.798
143.39
102.386
123.975
97.939
67.6528
52.9979
94.4297
45.6572
67.958
101.15
59.6382
83.2221
57.4886
108.69
108.719
38.993
68.8037
62.1035
51.8864
58.6754
62.4595
101.047
28.2358
74.5349
51.3797
97.5165
39.9647
83.8033
63.499
111.312
24.8387
59.4169
80.6906
76.6134
56.3085
87.7822
76.3994
108.589
110.794
92.9621
92.2877
44.2002
57.914
30.7838
75.9582
84.7488
34.7368
111.112
72.292
97.3709
25.1879
51.626
53.4696
83.1416
44.1785
85.5478
88.7651
46.2558
112.53
73.2527
54.3137
109.176
52.3269
30.2517
99.755
92.1469
60.414
11.3066
75.6427
52.6934
64.8697
113.315
31.3656
77.6569
47.7533
123.842
34.9041
105.8
45.4577
128.54
72.1635
120.159
79.9411
63.8489
102.168
80.0449
78.9701
70.0964
37.3495
93.1188
47.7305
113.873
69.4551
82.6413
68.2563
93.0149
38.1407
147.976
56.5785
114.809
52.3028
118.562
72.0068
37.9528
79.2908
85.6116
57.0079
93.9806
69.4998
46.8897
99.1799
41.4605
90.7959
46.1913
40.3118
45.2681
98.6477
54.0721
40.2778
28.7234
45.4936
92.2228
118.857
69.1876
88.5126
128.481
63.507
60.756
65.6276
80.0232
54.5818
31.1868
58.1771
66.0886
36.535
81.4803
80.6439
100.818
81.0767
99.7044
71.6499
117.309
77.2626
68.6703
100.234
118.313
104.464
89.4388
102.88
63.3991
82.1926
77.362
113.226
94.0513
55.2566
100.846
30.796
79.6747
63.9995
44.0286
45.9942
58.5917
45.6571
51.7265
41.2836
68.3979
55.9605
73.2068
91.841
101.851
103.139
59.373
44.8457
20.5766
113.712
124.365
53.815
64.8841
99.5634
58.9541
27.8194
93.6763
63.3973
49.5148
75.0428
109.131
55.3194
114.114
49.6714
22.2921
77.0925
80.1688
85.9849
88.0793
45.628
77.328
23.175
34.4544
140.008
116.561
66.6129
41.4387
91.2887
32.1657
93.7334
49.5162
93.4975
94.0513
22.2038
67.8948
93.7325
53.0956
22.8947
5.96668
45.4283
81.1629
91.9402
73.1785
56.4277
50.5718
45.2438
100.307
10.5996
71.9635
34.3467
48.4076
81.3771
75.869
56.0526
31.8931
82.1045
87.0553
66.0339
70.8484
42.5498
116.407
65.2223
95.5466
46.1704
67.8071
82.3879
96.0782
93.6695
74.4098
25.4946
62.7981
109.422
65.122
69.5371
111.33
49.3509
61.2494
108.13
73.1598
71.7904
67.1907
68.5509
82.3576
66.2973
81.3595
28.7694
83.1799
100.959
87.2104
34.8928
121.767
87.2548
118.387
95.8326
25.4043
90.0083
60.2021
52.7935
76.8298
48.8622
69.9145
82.9221
88.5315
64.6664
94.0642
126.631
70.5641
78.2958
75.7942
39.773
41.9934
82.9634
64.1296
90.2826
16.8307
102.972
72.8023
81.0662
22.1132
91.7977
39.1092
70.533
67.6429
75.1128
111.73
63.9092
37.1747
118.63
87.7628
77.1469
106.091
71.72
84.4429
51.13
36.5217
60.2251
83.125
55.7396
83.5842
94.42
26.1977
49.2073
89.0458
111.909
96.8719
60.2627
57.6571
39.2177
41.5913
67.7993
70.2726
80.0382
96.8206
74.4148
122.877
34.6791
65.6201
45.775
79.5527
34.4582
45.755
61.3784
65.4931
37.9134
91.6396
87.9814
109.346
95.4634
9.03223
105.558
59.424
65.5324
80.8656
107.532
116.062
134.628
44.4842
78.1969
31.1866
87.0481
35.9086
58.6793
62.7866
89.8792
85.4883
66.9474
31.7367
69.2742
55.7232
97.3316
49.8159
121.756
55.6586
18.1409
63.7566
97.8161
80.8463
45.519
39.4384
41.2628
27.8521
69.6127
97.9745
124.782
65.7801
112.692
72.5686
109.171
73.011
89.8146
40.5245
41.9352
104.653
62.1485
96.5991
75.0035
82.4279
51.2637
55.1135
77.0978
74.7787
88.2341
74.9523
75.6004
68.8805
69.3207
101.543
32.7001
117.349
63.5425
24.5939
53.4003
84.2616
34.9362
84.5169
82.2599
36.0697
83.2119
128.606
113.575
43.4723
67.6172
82.0025
135.023
42.8094
105.25
97.2634
76.5541
112.642
80.4168
123.742
103.372
64.997
58.6062
64.9548
83.9901
58.5467
30.4962
59.6819
64.1073
63.8692
55.6476
11.6152
63.8708
63.6719
80.4786
113.58
66.592
83.8365
116.917
70.5393
80.8189
97.1322
116.554
48.464
57.9147
36.3861
76.0821
110.161
64.6583
39.931
72.4619
74.0507
91.2777
81.7301
68.9718
108.577
93.6086
73.6873
82.9671
62.4098
83.5513
100.562
101.395
53.0484
82.1081
61.5305
75.4335
51.8653
33.3019
32.5339
71.7735
54.4973
100.841
19.6204
88.4418
59.4911
93.1767
57.5594
26.8565
72.9126
34.3469
66.8738
114.264
47.1775
48.7206
53.3742
49.2836
85.1392
96.1358
67.6104
127.552
66.8818
20.3977
35.7754
93.8539
53.7055
43.1629
56.7702
99.6138
77.6242
39.1755
129.631
118.968
68.1284
57.7248
110.229
87.1981
80.8907
108.101
103.801
129.301
105.966
78.831
63.8078
34.6157
58.9947
103.425
86.464
94.2398
70.5984
133.963
89.3579
111.799
52.8275
92.6176
119.513
35.7965
73.3067
97.969
84.3319
81.4556
77.7187
51.2619
29.972
28.4148
125.073
107.844
60.9349
69.3138
56.6871
90.5157
71.3623
71.8009
72.9028
81.2755
52.5459
65.2872
126.607
57.9306
81.6868
85.5341
75.1251
38.1747
62.8084
20.3308
37.4229
92.7558
82.2979
77.1133
123.504
46.9145
57.5536
66.6908
41.0147
95.3872
101.851
85.7341
42.6206
44.7498
110.149
62.459
59.8205
33.1389
104.445
83.2965
68.3445
54.696
76.0849
52.498
97.1496
71.7693
83.2195
89.3688
82.702
76.3229
75.2428
119.38
53.254
91.7426
113.02
56.8787
44.8454
42.0718
98.4015
21.5211
37.0193
47.0247
142.922
84.4661
90.8038
118.109
61.7377
74.0434
99.7952
97.7283
102.146
96.0385
97.0744
76.6833
98.8184
31.0686
53.8642
73.4464
52.1513
53.5359
87.5586
82.6562
36.9452
80.9213
63.8788
63.5818
77.9412
84.6589
36.9765
71.0659
90.0258
135.672
73.5742
23.3334
86.4641
102.925
57.9578
66.1194
64.4969
22.6591
130.634
69.8688
44.0958
84.8672
42.7415
77.3234
100.02
48.666
30.0805
82.9362
48.183
76.6122
36.9076
50.455
53.0838
104.522
100.49
53.5317
49.9012
45.4859
132.908
127.962
77.7005
106.535
97.1691
33.3903
59.7258
78.5467
50.2155
82.1733
126.782
57.1591
54.9829
34.883
117.382
50.3951
58.7597
42.1411
39.8327
72.9471
32.8259
100.644
89.4884
89.3062
60.3496
64.4359
7.73988
57.1623
77.3535
8.82986
84.7056
69.8113
49.6722
55.1504
90.4506
79.2505
120.109
121.462
51.3167
95.7071
40.5795
132.758
76.6265
115.563
30.0717
77.7744
51.2526
67.314
96.5847
76.1721
73.7682
60.5323
83.3425
49.0744
41.6125
44.8138
57.4222
104.86
76.5894
57.2501
98.8732
65.0648
54.0201
38.8837
45.8191
107.946
80.1642
61.2891
120.417
42.9244
83.1602
119.698
98.4949
87.8289
126.191
70.5366
38.91
130.176
47.812
79.8523
145.334
134.237
107.02
81.5061
61.3187
69.1569
65.7735
102.608
84.4753
124.953
74.4777
147.01
29.0838
99.3907
82.4171
73.0397
18.4226
35.1463
54.0408
99.9335
76.7574
114.173
118.976
121.264
47.624
70.6452
94.7196
63.055
103.674
110.384
65.3797
67.4524
53.623
53.291
81.4031
99.0038
62.4017
51.0117
38.6933
91.0332
81.6455
43.9295
97.462
61.5832
70.9321
57.2106
28.0525
19.3222
76.0496
76.6788
104.342
40.8249
83.5517
74.3348
73.119
65.138
81.6463
85.0107
139.694
81.0069
64.3528
98.3164
30.7921
111.742
24.4117
98.9941
92.9406
88.4837
21.6223
128.584
46.6241
81.9481
50.3757
33.1113
97.5374
105.143
46.2227
93.0057
100.472
62.8096
115.888
80.5377
54.9867
56.4294
51.8558
42.424
51.9664
124.713
46.7059
73.3383
45.6546
37.5678
68.2073
54.5283
103.352
37.77
71.6243
66.659
53.446
73.0097
37.5886
117.519
39.7524
40.9349
135.184
78.0663
19.8051
91.3803
66.4914
112.726
114.757
97.2792
46.9853
52.6685
101.556
96.6463
25.028
75.8797
94.7351
84.7451
62.1954
86.8214
74.5587
114.714
66.4351
104.221
86.2566
105.117
56.8099
64.3285
96.4664
63.9324
88.1249
84.2571
125.756
61.5491
54.8145
85.0098
59.3741
107.387
97.7358
36.6448
63.0258
45.2266
116.782
73.9118
69.6713
85.1648
80.5936
64.8937
65.7012
49.2468
81.0313
80.0077
90.5265
127.509
81.3381
82.2277
57.9272
75.8193
40.8778
53.7017
72.006
59.7979
46.7669
70.0898
69.2818
73.3162
66.6132
37.6746
52.6568
94.1829
67.6584
49.2328
80.2588
75.5881
33.3935
36.6497
66.3289
105.924
39.3149
67.8803
60.3523
56.2218
70.7301
57.2704
114.282
16.1491
139.123
60.9962
70.2059
59.4772
84.17
74.6922
78.2686
103.86
83.2208
72.4553
50.7077
92.3161
60.874
40.0142
91.2993
22.5122
71.7516
89.1982
65.4337
95.5502
30.1389
72.8176
83.2174
57.6557
68.8875
73.9974
80.8849
92.1366
88.6136
99.4274
114.884
31.7235
64.4617
69.2032
60.2325
68.9617
69.3578
45.6479
127.167
116.56
105.939
94.4165
50.31
116.864
56.2714
98.6122
90.7693
44.8427
56.1523
91.1825
90.8317
39.0282
52.3596
102.442
100.909
19.0785
37.5207
66.7526
118.227
85.5298
72.3314
106.136
76.2085
96.2256
67.415
108.315
66.0401
62.4145
113.127
119.925
136.633
145.371
99.0152
92.3902
98.1595
123.76
102.65
56.084
91.6543
105.361
43.4207
141.152
115.233
114.235
60.1111
97.2732
82.874
26.952
49.3914
118.813
92.6111
40.6857
88.0309
71.5926
94.2515
53.3713
55.915
116.024
91.2888
96.1684
54.6959
76.8727
89.034
112.744
79.7264
57.7674
76.1301
80.8534
32.6733
80.4632
80.3048
76.5484
92.526
51.2103
65.9623
64.6064
48.2557
82.9091
110.489
72.0927
38.7422
90.7893
16.7574
107.743
44.3942
28.5587
84.8051
82.2897
82.0741
67.736
41.4701
90.4733
40.7911
78.8689
65.9826
88.7196
83.3332
83.7949
30.8477
68.6769
48.0662
38.6362
53.1154
113.939
70.3099
92.0021
76.5915
59.9087
42.5914
72.4591
41.6305
67.9669
90.7626
59.8465
70.5159
28.8882
52.3727
68.7473
108.202
109.305
20.5139
80.4409
94.1698
28.9302
63.8251
35.6599
55.3397
75.8235
91.6038
97.1658
9.66972
66.9012
53.2126
58.2122
31.1391
92.4997
62.857
45.2587
105.176
83.8566
104.403
78.3742
82.5371
103.934
135.461
30.5186
112.699
102.77
75.0472
94.837
126.251
72.9615
73.8671
20.1701
64.7495
75.9455
86.4476
63.0518
96.6196
77.0603
99.3934
93.4994
46.4946
113.655
117.002
48.9896
29.3907
76.5522
83.7019
72.2235
98.4662
72.4765
143.481
40.6436
85.0835
41.2893
57.4363
56.3563
70.0959
14.7433
43.3095
35.2947
15.2635
130.311
47.9499
82.6557
90.4135
102.388
80.4076
52.663
73.4633
86.6273
63.2282
41.7962
12.8747
72.6976
56.3243
61.33
119.638
104.72
87.225
115.092
138.613
33.2101
110.2
97.5118
42.8848
77.6237
109.986
59.9023
54.3367
23.6798
42.895
52.1782
112.569
72.5555
77.2283
124.501
101.809
64.2741
37.4194
25.4889
113.444
73.9112
112.47
95.6263
107.305
59.5677
84.8532
58.8763
45.4896
64.8568
58.3878
79.5588
58.6344
109.752
90.3793
63.9215
11.7531
70.5963
83.509
13.7029
74.7983
67.2689
30.1779
79.7344
69.4831
68.2372
44.151
75.2839
103.897
73.2613
69.9627
104.671
70.4034
103.869
124.281
47.1984
89.643
73.9968
102.025
62.6014
72.4706
62.1726
53.6127
47.3717
134.156
80.537
54.2231
86.8532
90.7713
68.231
65.7016
63.5978
68.2833
39.2448
114.953
114.83
66.1871
99.0281
53.9026
77.1184
85.155
74.6022
73.6031
58.3484
40.638
98.8956
57.113
82.0357
66.3288
144.185
37.329
90.8977
33.9155
77.0725
90.4775
65.1638
35.0456
148.753
117.747
47.1693
78.4841
122.971
88.3978
34.1906
118.93
48.88
31.0174
77.2131
49.1168
53.7074
95.6828
120.109
80.355
37.0987
65.9967
65.4476
87.8965
119.513
74.8742
25.72
100.919
25.854
50.769
104.633
92.4102
46.2403
66.5487
23.1701
82.0208
33.8866
60.5283
47.2771
86.7016
84.7833
68.7515
35.8874
83.0263
99.1591
28.7423
97.7094
66.0717
73.5145
28.8279
28.4979
44.0435
42.5971
106.466
119.347
74.5738
119.203
69.5994
81.833
88.2919
75.1209
57.9982
85.0775
83.1769
84.6569
59.4119
60.9311
98.9499
84.3593
50.5217
29.3168
114.3
86.592
76.6494
63.0801
66.3555
120.073
82.3125
43.5826
62.3596
32.4254
69.7803
82.0856
73.9055
58.8369
45.8339
95.8003
71.4531
104.786
43.4339
103.46
122.026
85.2647
86.2008
78.147
109.275
50.2715
105.977
51.8143
44.5371
116.637
54.426
99.5804
55.8239
53.0748
41.3331
24.1496
25.0809
52.7918
50.7449
101.318
69.7307
66.6326
61.9969
92.6202
75.3605
75.8477
98.6908
62.8732
83.581
71.8944
97.1317
61.8569
76.0776
55.3585
141.492
50.1051
107.65
52.9701
48.3667
67.5012
50.3724
37.2724
38.2686
70.154
17.9771
99.597
101.186
98.8108
109.361
134.379
126.085
97.5154
20.8809
74.0915
37.943
91.3121
62.3707
63.403
61.5188
52.6982
75.8717
63.2402
58.9785
39.7593
123.438
98.1509
68.4538
55.791
78.4679
48.7438
38.7497
47.4944
82.8114
94.3038
119.139
82.9282
88.1969
54.8723
30.2836
78.3125
19.0577
30.4362
84.7975
63.6814
89.5167
53.3712
126.187
68.9744
69.7458
107.382
61.1799
46.8263
88.4892
50.5663
31.6214
67.0729
135.228
134.289
59.9435
52.6731
61.3298
63.779
84.9881
44.5066
65.6331
50.6255
97.3508
70.4528
95.1004
88.7307
101.937
76.8027
94.8495
48.5488
97.1768
110.731
120.496
36.8871
44.6618
114.143
43.0616
73.6709
43.4762
76.6596
36.221
55.8301
101.545
99.1569
17.195
18.7191
110.49
66.6259
58.1959
110.004
86.8932
73.8544
47.5603
58.6886
30.2739
102.888
57.737
69.7157
33.3294
44.2933
71.6728
89.4967
60.7635
67.0249
69.5674
69.526
94.4042
92.4477
81.7158
81.3706
52.0331
72.792
58.8253
43.493
124.112
89.3487
52.5386
51.0929
97.0125
84.6653
123.379
54.3649
100.499
96.2245
45.6156
60.1471
86.035
80.1672
90.6049
78.3325
89.2467
103.56
66.5096
123.571
59.3976
61.9833
92.8544
109.848
108.674
80.2119
85.1756
40.3722
69.846
38.0033
96.5913
78.2143
45.3262
60.2034
101.132
75.494
72.0478
95.1374
37.452
50.484
19.4833
107.143
62.7464
25.5566
43.3181
115.709
84.9711
75.1738
81.1431
33.4606
43.9869
63.2571
79.5169
88.1694
63.3086
101.314
64.259
142.88
57.1842
100.269
121.129
48.3241
84.6561
95.8161
72.2768
110.129
99.0033
115.58
50.2993
42.7802
55.8424
66.0266
66.9692
61.8157
145.473
60.9414
71.5064
86.3592
93.1403
94.4053
67.1364
112.667
52.7626
73.4591
78.1982
69.0872
62.071
111.788
91.7323
66.1158
72.581
78.9788
79.2326
60.6321
96.9109
78.6216
62.6769
44.3384
65.8963
111.19
91.3657
28.5889
92.4501
35.6277
30.1424
65.4539
60.0436
94.6354
47.413
75.2009
79.698
105.576
111.263
26.3392
46.0418
110.183
62.7466
120.544
58.5919
60.5355
24.6486
65.043
110.291
79.3652
70.4758
95.2826
40.92
81.3864
38.4355
52.9018
103.73
54.7536
53.8528
63.0972
13.8848
74.0337
55.2991
94.5338
72.7422
47.229
43.4011
90.1667
108.875
94.1122
36.7174
25.8445
96.707
91.9734
88.7256
71.9061
50.3872
67.049
89.3244
103.447
97.452
93.132
137.226
77.3077
106.779
48.4899
114.454
66.1367
23.6354
59.8488
95.8482
38.3848
44.2317
55.8482
85.6965
101.771
53.0768
66.9673
42.0312
82.4345
110.405
102.819
32.6695
43.5369
80.507
106.779
56.2668
47.015
88.3776
86.7868
52.4061
107.434
55.9949
74.3189
50.4406
44.6498
98.7181
108.896
96.9188
73.4265
62.2281
44.9823
42.9
78.6531
83.8307
45.159
110.161
90.6394
105.149
52.6458
74.361
14.8499
70.0749
86.0939
49.8944
106.626
36.3117
66.6432
37.6038
64.5919
68.3104
31.8045
68.9009
74.3514
81.6414
105.343
87.21
45.1509
80.6592
43.3523
113.326
72.2929
68.417
99.3566
72.339
108.446
102.92
82.4628
104.595
56.0985
120.54
114.69
45.9085
129.751
36.2919
78.7976
100.834
54.5515
101.471
29.4306
33.0095
64.9513
49.6164
67.5131
64.5939
71.517
71.211
34.8646
46.3663
63.9306
61.6912
71.5544
35.2047
78.1425
82.6269
89.9219
58.0097
121.866
29.8833
42.6028
68.0013
66.4435
59.1276
38.1316
69.4028
76.3447
86.3777
131.364
24.9933
32.1012
143.322
51.455
91.923
124.244
77.2758
40.816
75.4638
59.463
50.2666
70.3558
78.2527
82.5848
98.0782
104.575
36.2346
78.3264
76.5484
43.6516
31.0316
85.6397
50.0799
51.6181
21.0728
90.9933
50.1116
63.844
25.86
128.769
91.3789
99.1527
83.6241
55.2557
89.7849
58.6018
74.2914
50.7145
54.5461
124.113
105.286
92.2902
75.6612
116.002
82.0251
65.7976
76.9868
56.1538
106.403
39.05
58.4469
34.328
53.6222
115.47
78.264
53.0866
95.0706
41.255
34.1929
66.2575
128.252
129.483
93.8133
107.609
75.1667
113.169
26.3574
74.8337
102.162
75.0485
65.1495
98.686
81.1179
64.5093
43.1263
110.531
38.6858
75.6953
14.7335
82.6574
70.9414
86.3014
110.331
57.9801
63.0757
104.4
76.5567
26.8472
112.219
104.969
21.1374
59.0083
60.6039
71.9403
93.5545
88.7107
69.6589
116.288
63.0969
60.7613
105.533
56.5491
133.983
43.3747
78.6506
13.6072
56.3314
35.1891
124.086
44.2782
73.6644
69.519
45.0587
117.136
110.648
56.9682
99.3845
108.023
35.4364
39.2884
60.4545
103.894
115.449
104.053
60.3096
29.0298
56.5769
64.3871
49.9469
86.8726
80.6615
80.2634
35.9311
43.651
114.449
56.5562
76.737
70.6141
106.056
92.6353
65.3367
27.1921
28.9751
97.6191
37.522
111.648
92.94
119.53
61.5554
72.3766
90.7466
84.6585
78.349
52.9123
118.8
115.465
23.7443
70.3115
40.1103
57.8519
74.8067
73.2973
54.84
60.2761
22.7363
67.3584
83.6967
38.95
83.7342
73.9127
59.8756
53.2667
71.8656
37.2331
40.9466
52.4387
63.3457
99.2647
68.5314
32.8284
40.119
84.7905
51.1639
43.1081
95.2068
56.8563
64.4982
63.2528
71.6415
46.401
88.7856
49.4981
74.9511
38.1917
33.6713
73.7373
96.1333
105.228
102.038
89.6664
86.5908
99.5787
55.6245
105.197
98.8096
39.1992
83.0815
92.736
93.2275
63.3285
97.9243
90.0825
98.0557
107.376
81.8967
49.7651
38.0935
80.0586
20.0697
133.978
73.9542
67.3343
73.0262
87.5598
35.8528
74.4089
26.1683
81.0546
28.6484
88.0077
43.7631
29.8903
109.552
112.116
55.1364
44.2857
121.529
47.6602
85.4898
48.0206
40.6061
119.48
90.9238
102.913
32.7442
98.7095
45.8809
108.196
20.2401
46.005
100.965
41.7175
68.075
28.2294
61.7647
30.4998
46.597
88.0725
96.2344
44.7209
68.1712
129.92
44.9438
90.5934
44.8925
75.7557
54.4876
78.0047
80.6293
99.7211
42.9864
99.702
68.4675
95.3169
44.4368
57.8999
55.4157
40.1836
99.2323
81.382
90.5673
79.8762
114.108
37.9323
100.642
122.188
70.4771
104.554
82.4108
19.3532
73.9038
81.1797
84.6518
22.6243
52.5524
78.8984
90.6378
12.0452
121.038
111.83
144.204
44.6443
83.005
67.7979
59.1038
68.7576
34.7291
137.133
35.9083
66.9483
102.36
65.9465
58.0536
60.2734
56.856
53.5133
37.4124
79.3586
54.1304
113.366
82.947
74.7488
78.0748
120.909
26.7895
21.2637
107.247
68.9241
70.6113
72.181
72.6322
17.2168
50.212
90.6984
45.8498
114.099
102.652
90.3247
104.485
51.416
56.1756
67.3768
108.36
47.3967
50.2196
74.4803
62.9893
107.866
70.2579
77.3133
68.8636
94.9067
85.3719
58.107
97.6929
28.1874
55.3527
87.5945
74.1848
49.2204
93.9183
72.0933
65.5526
62.9424
103.011
74.3407
101.007
112.713
73.6102
52.0902
26.066
33.0634
67.7176
100.43
68.2557
117.302
90.9178
84.3555
98.6101
49.1164
42.6066
101.985
129.791
87.4487
31.1285
47.3029
71.4342
68.1011
57.8878
89.5756
86.5125
127.985
30.5894
38.4914
81.3213
35.1189
58.1806
86.339
134.734
98.0957
32.7887
79.281
114.971
87.233
86.6144
21.0357
59.2311
37.5523
72.6761
92.6509
64.1211
73.742
75.1743
65.4298
81.8108
31.8938
58.8892
57.5427
108.351
64.6961
24.589
85.2392
130.043
43.5635
26.6765
21.8735
30.7173
54.7965
42.2686
41.7997
65.55
45.3129
72.4023
46.6715
59.3571
119.942
64.2355
112.06
60.1442
99.9224
71.5432
30.2213
43.4313
96.6166
35.1148
48.2541
58.6268
70.9893
77.7379
20.9611
53.8944
29.2007
53.2826
38.2863
62.609
104.926
42.2919
47.3337
24.2341
81.7892
61.3704
101.085
26.6418
72.1865
59.6375
74.7593
88.9779
96.5752
45.426
61.3635
115.022
120.197
66.612
45.5853
58.3112
66.2431
119.185
105.002
69.8537
67.3261
40.7844
63.6396
81.2052
56.3483
130.946
92.8881
58.2111
82.9826
91.9035
89.2818
63.4117
110.707
52.8533
71.2148
59.7746
69.4996
76.9809
48.584
54.2951
106.489
41.1077
80.4675
47.4099
62.6736
74.1975
60.2053
65.8773
99.2857
79.3067
16.3594
122.747
61.8971
66.3732
40.6723
124.106
109.044
93.7764
76.9388
32.8566
67.8075
88.7389
84.4857
89.4062
41.84
74.7552
51.9921
71.2772
75.0292
125.442
44.7694
58.6195
117.251
75.6792
95.2232
91.6303
49.3812
59.3178
63.0262
140.185
54.2156
15.0863
103.956
73.5142
50.8376
35.892
99.3917
130.17
94.4633
81.2901
96.0631
73.4333
51.6824
58.5159
114.882
67.0354
43.0623
51.0811
51.6645
123.497
36.2619
50.6411
109.425
77.623
96.98
82.008
53.6745
75.0665
95.4872
113.556
129.735
55.6537
148.132
75.8297
24.144
47.9844
45.158
94.1226
77.2
82.0778
121.661
116.618
61.2704
47.9442
82.6061
88.8858
61.5791
90.7808
100.788
77.8718
67.2507
131.455
51.6764
87.7928
100.487
92.3234
93.8835
78.7602
42.0195
59.9589
87.4997
43.1568
71.4652
47.828
64.413
79.7413
122.538
53.1528
54.1626
58.4155
70.5296
51.7251
77.7913
52.1609
80.0011
44.1683
62.4814
72.9169
85.7536
38.4929
56.7695
73.4728
67.6874
132.906
100.382
37.0581
68.6148
132.813
51.578
93.609
66.3952
50.7911
95.1355
67.5262
17.2129
54.9016
74.9231
32.3277
15.6308
74.4916
86.5193
67.8197
41.8238
71.4724
81.3791
85.2325
59.1256
107.435
113.661
118.387
50.1718
74.6069
55.5668
52.4654
108.713
67.9451
69.6755
60.3583
107.609
76.319
71.0324
41.4722
127.014
80.0706
52.4269
74.7629
131.649
60.9398
20.1919
60.3299
47.8868
76.7525
67.5365
43.6484
102.204
88.295
83.4943
60.8449
40.0033
74.8815
61.7088
92.3001
86.8679
34.7406
84.7793
105.009
96.2201
41.7461
79.649
92.1852
70.5265
96.349
28.5943
65.2478
70.3345
71.7429
91.51
26.6264
41.0795
133.136
26.981
53.9683
48.3305
77.4934
35.2676
62.3645
68.195
38.089
11.8807
55.1876
62.466
63.8123
13.9584
71.5668
84.7681
44.9446
74.4876
47.7596
80.6389
59.1545
116.634
117.748
17.56
51.4568
17.278
98.227
114.568
27.2278
55.6677
51.6414
72.0544
98.5297
75.7555
68.921
132.777
81.6194
78.4474
82.7809
63.6875
94.4573
106.722
49.3776
108.291
104.071
64.413
95.5188
54.1608
64.2167
69.5533
42.8795
100.756
49.901
101.118
67.3781
88.065
110.047
60.0033
80.5055
71.1673
56.2489
88.4576
136.985
65.3369
56.7145
125.703
96.3716
25.4273
82.3514
85.7633
95.1745
66.0858
66.3477
47.1419
51.9366
92.8148
47.9723
86.067
23.3641
25.1385
68.9864
79.6395
63.2848
101.269
106.857
77.9605
54.3125
93.0199
76.7435
84.103
80.6428
74.7307
53.0627
97.6446
78.8947
85.5725
98.3063
33.6624
31.1551
93.7239
57.4851
54.1287
55.892
106.512
59.5402
83.6058
72.9442
24.1436
64.3603
102.489
36.9951
95.2486
81.9187
106.344
66.3427
103.835
58.3389
113.59
90.6293
68.8398
60.0658
74.2076
67.4948
50.6144
71.8114
66.7536
90.3616
53.764
101.797
37.6488
46.4903
48.879
76.402
50.9238
89.9936
70.8151
76.8458
88.4028
68.9162
68.0311
68.7689
93.7731
125.058
42.1433
114.836
95.2274
89.0389
82.2857
69.5055
70.0396
83.5557
78.1753
86.2677
74.6804
95.3788
106.743
52.1241
99.1011
45.5066
71.3931
71.3311
96.7855
67.1199
76.8477
73.7287
85.7351
66.4808
103.604
44.0812
48.6028
47.589
97.3295
27.5052
65.3451
102.613
111.752
96.7257
63.9237
113.074
88.5628
17.0268
97.6888
102.642
101.706
77.4817
91.8086
62.8401
136.646
56.3116
88.6953
87.78
76.8562
115.492
103.789
98.0109
91.5969
114.863
42.6571
143.274
46.9191
49.0219
78.508
32.2543
79.0486
43.1482
102.136
76.8629
44.6815
102.003
95.4637
94.4294
57.7622
54.9169
91.0963
47.2879
106.804
78.6637
62.9899
66.7304
66.9651
55.4546
65.0403
97.9646
91.1611
17.9645
56.154
116.485
78.2674
46.1341
62.9349
104.277
90.8705
89.9663
83.3662
53.4636
64.3564
66.7281
131.136
84.2204
50.9815
93.9265
45.2056
128.924
55.7666
78.1779
42.2376
57.2664
28.6259
125.147
48.7512
136.829
74.2358
42.6805
66.4523
43.521
37.7312
75.5034
105.122
84.0615
73.5087
101.695
83.712
85.5507
84.5991
50.0126
47.7656
85.7656
79.7789
67.9356
66.6715
100.414
49.4103
97.0462
90.5409
66.3854
98.3176
41.2271
99.0948
108.314
100.368
68.3165
60.6177
84.9948
73.3197
128.522
87.5172
108.744
53.5079
60.9209
65.6822
145.513
119.68
92.0559
87.2007
114.456
24.4905
66.9424
21.7506
64.8998
54.9676
63.9533
46.5131
40.9957
59.1734
60.7771
92.7801
99.3531
88.84
37.3853
80.2401
32.8984
33.3541
109.298
45.9237
88.2132
108.197
89.6827
72.0365
26.5145
83.5986
68.9267
112.582
80.4509
72.7171
55.0161
45.5379
88.2072
104.041
20.2868
67.6997
50.8284
38.4874
19.4752
81.8589
68.2125
38.1348
90.0535
50.2135
23.9477
66.5943
39.6392
63.2326
62.6998
72.5232
88.3174
78.5667
69.1285
40.8599
88.5948
38.2747
49.609
65.6085
106.786
68.3398
47.6102
130.509
75.9362
51.9619
55.3934
71.3914
49.7561
58.7313
61.08
129.848
60.2569
73.7899
37.366
53.0373
46.3126
62.7048
32.2507
22.6757
92.0395
35.3916
54.9497
86.8677
69.5669
69.2941
114.829
81.9989
68.6064
89.8352
60.0178
52.2518
93.0229
100.077
72.709
116.371
32.9629
130.759
85.2523
102.743
88.1996
49.6656
97.7898
32.1296
30.3839
75.3248
29.1272
43.5598
97.4071
56.4433
137.41
52.3576
10.6375
58.1669
93.7661
54.8958
28.4111
42.6557
88.6966
153.63
105.515
56.8813
95.4052
65.9186
27.9779
68.6771
82.3688
67.731
63.1382
109.345
106.822
105.55
49.1873
62.6827
88.0323
66.0387
77.2701
118.772
97.2321
72.6316
31.6344
82.9666
105.027
110.055
71.014
94.4414
94.8369
48.1693
80.4028
60.371
96.0887
48.123
43.8851
23.2481
80.9662
72.9504
64.4114
83.0771
72.4748
75.9504
65.4618
70.2873
99.2699
41.763
81.317
100.715
70.2138
57.8169
91.8974
26.5049
86.496
83.6613
52.0122
55.6129
56.6905
79.0511
72.9294
118.753
73.973
73.7558
114.881
14.9556
101.671
143.589
42.1117
107.93
41.9688
85.4027
65.5947
100.057
93.1518
80.599
105.274
42.6041
103.646
39.4515
83.9123
60.3398
100.548
121.546
85.2222
106.661
65.5298
69.9388
79.487
66.3482
62.0844
36.9556
72.1344
77.679
29.8617
60.1794
44.808
92.7728
82.5839
24.5829
105.349
115.878
113.946
87.7919
89.4301
135.257
31.3924
98.5188
126.49
70.5173
41.685
38.9818
63.5965
53.8671
76.992
121.346
46.5734
62.4057
81.4929
63.1493
78.0572
57.8231
47.9722
103.43
125.148
34.9458
57.5639
111.783
105.349
109.34
72.0192
110.59
94.8591
46.3898
94.554
31.2938
101.025
33.2517
59.0601
28.8088
110.675
41.3986
67.7436
118.924
63.0861
104.694
38.5538
99.8413
73.6265
49.9231
126.882
75.2951
92.4193
48.7608
62.4425
76.6633
78.8246
49.0279
86.3272
33.8089
92.6579
55.2213
103.317
109.894
68.9654
67.8637
57.4847
37.7244
98.424
68.5906
107.258
68.9325
89.2985
61.2188
47.8435
36.8331
142.033
22.7001
99.8754
103.715
88.3335
71.8833
126.359
81.2554
58.4892
85.6923
91.7225
129.033
104.747
77.2456
57.8213
75.1761
36.7941
101.398
41.8535
34.9754
100.079
89.7087
57.1003
72.1767
135.879
77.3154
81.2233
58.1075
102.464
54.1999
60.4197
63.8968
51.1553
57.2222
89.1587
115
75.2797
148.781
77.0029
100.068
86.7668
98.9969
89.0698
96.7985
64.5304
87.6281
88.4368
50.904
103.579
37.5794
88.1344
80.2595
65.6642
99.0046
39.6211
27.2784
87.1692
85.251
29.0908
39.849
89.8122
86.9936
108.101
81.9277
66.0538
77.665
48.6834
82.296
67.5451
41.9008
107.382
70.0574
63.6169
87.7717
87.5103
128.272
15.3462
147.805
85.2132
65.8983
66.0199
119.19
46.0488
65.1815
112.183
45.0758
124.677
105.933
97.3011
51.6398
128.785
107.823
34.6773
78.1051
51.7401
97.5791
73.0819
78.2596
82.4611
43.8322
70.1
84.1262
42.313
68.3146
63.6803
34.6161
124.351
50.7592
98.526
40.5159
111.237
9.31343
97.6846
59.8247
20.1196
51.35
46.1424
53.2999
109.166
66.7398
100.117
92.6969
73.4643
103.299
44.4184
58.4212
91.3163
113.193
50.3611
106.508
47.4851
30.8368
60.8388
38.8394
57.8315
104.378
109.858
31.8791
108.438
73.0097
78.9544
49.9709
66.8617
80.6624
83.098
40.288
62.7545
58.3609
106.473
94.0209
79.2308
24.9426
130.66
54.0833
91.412
67.843
121.661
127.662
60.6105
22.3498
35.9106
82.2165
43.1695
43.5475
32.4411
60.9173
72.9736
71.9223
124.022
117.883
118.576
96.0581
79.5641
112.514
107.721
36.3403
113.344
94.7044
48.8987
98.7476
36.8037
89.0168
71.9106
112.995
57.6981
35.4234
65.174
100.17
47.2027
79.1867
57.8318
47.8432
84.8154
97.4384
132.523
48.6772
78.1841
69.9234
47.6735
75.6672
48.8417
48.3729
129.49
30.9031
39.3376
61.5592
51.193
78.1852
80.9197
82.9259
53.2382
49.2174
50.4879
83.1311
72.3348
93.5608
81.6081
90.1918
66.3449
90.8938
79.1435
115.704
102.992
62.1636
87.1246
68.6043
114.043
84.8072
127.725
73.129
50.7309
107.025
126.69
68.2659
72.326
124.855
130.385
80.3031
105.061
78.3583
40.593
98.2032
48.6676
43.9455
114.685
28.376
75.9621
88.4303
42.5379
54.5355
99.3359
63.8843
35.3885
36.8758
39.169
104.535
69.3918
128.029
96.4088
106.407
47.0899
79.1591
41.6659
85.233
65.0671
53.6614
21.5848
85.5106
68.111
19.2814
87.1954
23.8962
61.9059
77.7975
80.4013
45.4437
49.4419
96.6088
44.393
104.746
96.0221
79.5042
89.535
89.4968
57.221
70.6983
79.2975
28.1505
96.4171
74.8842
96.083
74.9716
79.5271
35.409
53.9556
45.8453
69.6234
72.2945
87.1678
62.0825
63.4555
129.77
51.9878
96.4326
87.5075
72.3747
88.2996
68.1479
108.779
55.4756
64.5625
95.8242
69.5631
110.039
117.548
69.488
37.4939
57.655
81.2073
91.0549
79.0134
94.3317
16.6268
137.347
107.6
32.6967
98.4065
82.0658
90.772
88.1126
73.8584
96.9176
92.3217
22.1986
47.5256
46.5443
18.9627
34.4787
61.9786
88.5159
92.8492
74.2968
79.766
53.5442
60.7402
36.5024
50.8227
79.5403
30.1155
58.3465
18.6381
80.1778
21.2549
110.199
99.5994
71.4754
55.2785
74.3605
56.5796
77.0931
128.239
74.8034
53.1623
63.4631
69.7915
66.6833
54.1566
71.0351
81.0078
34.8354
78.386
94.9495
12.6056
56.1662
90.2947
35.9896
60.0003
65.4175
35.0414
82.9029
74.7562
36.2008
53.3064
60.4377
44.8218
124.348
27.2083
95.6571
72.8871
48.2574
82.2752
47.3524
88.6994
74.6454
42.3889
39.2255
58.7759
39.2045
9.56628
63.6546
63.079
29.5371
80.849
62.8343
64.309
90.4333
110.377
61.5192
94.2698
33.7168
15.6038
46.6207
59.3333
75.0414
94.713
60.3537
59.9996
110.558
67.4798
83.2796
47.567
104.684
108.391
77.2624
50.774
89.6612
118.724
50.7984
41.2015
66.8252
47.9899
76.8697
32.9
68.0611
48.1249
49.1711
51.2951
85.1035
124.707
52.6135
63.2385
55.5047
116.676
67.3466
101.612
113.396
101.245
46.7258
54.3499
24.5022
94.3679
79.6623
76.8391
95.0299
60.4883
71.3527
53.0636
88.5796
103.998
46.2582
23.465
75.0249
51.6289
66.5701
38.6676
70.4864
130.072
27.5091
72.4949
92.1813
120.897
94.2601
36.9871
90.3616
68.2447
92.9909
119.973
45.1371
72.3694
108.696
120.156
48.0863
129.239
111.848
88.0191
96.8793
64.2207
37.3579
85.0133
115.198
26.6443
103.98
81.8475
33.3375
90.1078
86.4744
64.2292
135.542
141.944
71.1274
52.7875
61.6814
12.8815
35.3871
32.3486
22.2215
60.6819
27.9682
33.5734
94.3245
57.6101
64.6843
89.7663
44.4361
64.3731
76.1804
48.4121
55.6936
95.6929
47.7218
38.7333
71.5616
53.8963
62.4913
97.7722
43.4813
54.4344
72.2167
93.8606
108.154
53.599
82.2947
44.827
63.3161
107.292
66.6515
105.565
17.2909
56.078
109.326
131.03
122.323
101.703
94.6218
72.6431
114.75
87.5224
111.957
85.5448
78.0888
66.9127
84.9742
58.0624
51.6346
88.7683
136.888
95.8714
59.6903
78.504
44.3372
96.3387
60.2184
106.142
100.704
56.6647
61.5286
96.9148
72.8281
74.897
58.8813
56.3004
92.963
53.4166
75.8742
63.3565
28.6971
108.455
65.7688
92.4752
134.172
62.8417
116.62
61.1163
89.6544
109.918
73.1391
74.6344
133.999
73.9655
88.6774
117.764
120.636
69.8997
64.2131
44.3168
35.2941
110.51
96.042
19.7805
72.7134
61.7404
104.254
112.086
82.4014
103.238
58.6766
111.661
104.022
59.0728
51.3516
81.7366
26.4955
69.9612
107.139
65.3851
66.7266
51.0458
45.0279
121.505
97.3307
84.0349
83.2895
80.727
75.7337
59.6937
91.6926
99.8133
56.6915
57.6432
13.981
96.6526
77.1565
38.713
48.6424
110.182
50.6861
75.6525
64.5987
74.2812
82.4537
74.8128
66.3182
27.3718
34.2137
63.1647
61.1733
23.3123
116.314
74.3742
109.446
77.1888
16.2434
119.881
71.5249
82.674
26.4507
63.5189
30.745
125.416
82.8235
101.095
61.6526
88.6626
95.7967
91.2357
105.677
34.2445
13.9323
38.4992
76.5613
62.144
68.9594
66.523
105.141
47.968
115.24
95.0818
94.85
77.2461
72.1094
24.4311
89.7508
52.4443
69.1764
72.8593
60.253
36.7243
113.787
41.0966
52.2804
55.8437
60.1088
33.8413
108.272
37.6412
120.067
105.032
77.5394
81.3333
81.7343
57.6626
66.9521
37.7095
101.313
87.492
32.1276
112.346
77.1163
75.2652
83.9466
70.344
70.8889
64.3663
79.4501
48.7637
141.395
49.6551
64.8782
81.1027
38.7634
116.683
85.1044
27.3628
102.991
52.5507
118.291
42.4606
55.9911
87.2615
89.2155
50.5022
124.047
39.6855
82.9941
70.0724
114.125
57.2633
28.1659
89.9953
46.7715
129.566
112.356
39.8064
92.8663
121.449
67.4427
63.0861
73.9462
93.801
68.4493
117.892
88.3577
132.592
115.509
107.125
64.4868
73.2176
37.9874
98.5807
118.606
86.2714
119.101
102.576
71.0612
112.527
79.4225
68.4742
64.5739
94.7251
74.5856
74.6992
48.4027
63.8337
59.2957
91.6929
77.3498
53.5993
43.6235
47.5995
86.3122
97.2223
4.1532
98.7937
26.0687
45.0687
20.0823
75.1512
63.3529
43.9225
85.0727
81.317
79.3329
63.2848
116.445
53.7208
35.1163
113.595
69.9387
83.135
74.5783
81.6385
88.3888
96.2838
101.182
109.723
132.444
87.3936
53.3121
78.7125
92.6508
25.4235
49.3683
56.9298
79.5485
55.2832
134.694
61.1769
64.6259
106.14
115.129
33.5839
71.4395
69.6682
34.1132
72.3739
110.104
78.686
91.1857
71.9898
89.996
107.997
125.98
45.5939
106.271
33.242
25.4205
71.5412
87.7248
49.7296
84.0285
81.3354
27.0223
90.897
45.4544
65.4553
85.8835
84.6574
30.1364
10.8973
68.3025
87.1376
85.5812
48.1902
50.5286
81.1206
112.825
21.8743
18.635
85.4347
26.2565
118.12
132.606
55.4872
62.4001
47.346
73.7994
78.2184
41.4245
60.2409
53.6522
75.28
99.4066
93.2423
81.7625
56.1338
94.2214
77.7417
61.7404
99.4102
83.151
79.2198
72.5132
107.811
57.8329
99.3172
94.0042
38.0312
42.0054
100.066
75.0858
70.6274
129.087
75.8846
129.83
70.9096
70.606
60.1519
75.4154
63.6375
39.1512
43.8726
36.2634
79.8638
75.4341
22.0756
61.6463
61.1646
64.1147
80.3633
56.5509
78.0006
73.0148
68.8866
99.4979
54.9869
68.2072
43.4733
108.413
85.4151
70.2443
125.797
86.4951
80.2385
59.1849
98.2848
56.2868
92.1479
110.053
59.5019
74.9821
105.405
79.124
31.22
28.0218
105.6
32.0491
93.9459
59.4473
87.4683
44.7387
93.6136
92.5747
56.5755
134.659
25.4845
38.5392
45.9688
62.068
83.6178
74.0699
63.3874
32.7827
21.0546
107.35
43.6966
86.154
110.925
41.4611
98.6015
83.6225
45.3136
85.3064
138.644
51.08
60.4975
110.565
91.4722
59.4407
76.4447
61.1421
84.3921
105.237
94.6228
68.4893
110.507
35.5958
91.9083
85.6078
19.8459
70.6389
95.6575
29.9598
34.2273
101.384
21.1798
86.1999
89.7554
48.7685
67.3591
69.676
52.5585
99.0296
75.5568
77.9963
87.7882
90.9144
46.3261
84.2515
46.8703
42.5138
92.0917
109.036
41.4588
104.648
64.744
63.32
108.945
59.5571
111.072
42.9678
54.8577
125.717
81.2464
28.0889
66.5899
70.9517
71.836
95.9817
86.8961
79.1599
76.2495
71.96
82.7142
71.8792
126.639
47.7547
56.0602
56.2971
45.0188
64.7882
95.8539
68.0572
12.5332
73.5109
69.9325
119.298
105.455
100.177
88.5879
60.7488
81.4854
121.365
67.1806
78.9785
72.085
77.4893
89.7885
83.5153
63.2966
76.5334
49.0207
97.5688
33.4003
79.4628
140.58
100.788
31.8905
69.3378
117.398
35.6573
92.3863
91.9184
69.634
58.9355
60.4375
103.3
66.6936
49.8836
57.282
79.1739
39.3804
48.9677
59.5127
110.934
80.2443
121.441
110.594
81.5914
85.4679
105.117
63.9225
53.2084
65.553
135.008
69.4473
38.2814
69.5998
74.7002
85.7117
95.1915
116.457
126.986
51.94
95.8484
45.3865
37.5472
131.479
41.9046
64.1676
24.398
119.024
67.3016
54.8487
95.1152
63.3318
53.1358
115.88
70.7531
39.3912
109.432
68.1942
91.4413
75.566
88.0481
73.2661
52.2531
66.5653
93.6327
69.3865
90.6313
55.2908
63.5445
65.8907
89.4584
55.0735
72.9906
73.5902
69.4578
44.961
120.591
75.1822
26.5346
67.5318
91.7309
96.4173
107.481
104.774
58.3159
102.918
111.168
97.6103
50.2966
47.177
50.6152
89.3371
86.4222
59.6357
98.9582
44.1448
76.7253
119.074
75.3545
75.966
58.3651
43.2025
82.9505
64.4721
87.6887
68.7765
33.673
39.2925
106.742
57.4338
45.7262
94.2569
91.7633
101.772
58.3877
83.9885
74.5353
68.5628
66.9536
125.071
72.4444
117.686
57.3106
82.0239
104.671
99.2963
17.9871
89.6175
89.6999
84.901
38.13
60.7242
35.3084
63.4001
57.6732
49.6978
33.5307
52.5468
72.4865
124.69
99.4422
77.7713
63.9746
29.2783
80.9638
57.8624
37.4473
128.372
96.2728
113.375
50.0686
59.0785
83.9973
63.0317
63.9536
58.4698
94.2764
117.801
62.5276
24.5745
71.8952
84.9961
83.1355
23.9778
44.6277
75.9545
38.2494
64.8378
90.6455
100.825
88.2175
94.9261
52.767
88.1964
49.1208
71.8593
104.469
22.7091
56.4674
75.1495
72.5858
82.9486
73.0784
51.8906
66.9086
20.778
60.8451
84.7128
40.1703
82.4088
43.2999
67.1563
63.695
73.5281
111.616
80.9998
86.2671
125.964
43.2053
60.5877
49.7302
9.9016
135.311
109.83
80.1583
62.5352
53.5067
74.0615
49.8078
103.886
68.8223
46.811
93.25
128.783
46.7721
45.4537
84.4963
110.729
48.5151
92.7808
63.6028
72.6925
93.8684
95.9766
117.479
95.4176
93.5848
62.431
34.2344
77.3801
85.4716
47.7956
90.4665
41.4755
43.7579
18.8577
67.8801
100.388
91.1824
125.336
28.8101
82.8519
86.1315
52.7858
73.809
86.3266
116.77
89.1527
58.8358
72.5397
23.8312
75.7017
17.0745
132.792
55.6342
119.441
76.9199
61.1827
135.656
77.446
72.9137
37.4508
70.331
84.8684
48.4862
108.134
72.8559
30.1781
56.243
75.9114
53.1761
48.8397
35.5435
92.3167
82.3304
54.2853
60.3352
77.4715
58.503
73.3029
48.6527
81.6302
58.4256
36.9496
73.9263
54.1904
61.1835
86.1381
57.2976
62.0707
32.4792
126.346
77.3825
60.9482
111.542
93.817
94.7513
99.3766
127.569
85.2915
75.1367
58.5753
65.5427
91.8937
42.1678
59.5425
91.0754
73.3266
96.9509
51.7328
87.2362
116.646
38.2546
42.7489
83.9575
73.5036
43.4805
75.8877
64.5045
141.276
108.249
74.8311
62.0554
119.035
132.553
64.9921
78.0925
76.1739
88.8954
46.7512
63.8138
101.79
67.6721
37.3628
43.6586
35.3033
64.7213
89.9909
79.7484
100.062
93.6502
87.6508
82.2508
100.017
102.882
105.263
38.2197
93.9926
85.9881
91.7523
69.0961
67.7974
50.9298
56.9432
83.0425
70.4461
35.4988
77.4267
52.6659
117.394
107.899
54.2595
88.6923
86.3484
65.4956
113.312
60.5281
112.848
26.7668
55.4886
94.1556
76.3694
69.1148
36.0911
55.1267
69.9084
98.6299
103.172
52.5224
71.8317
111.209
62.7075
75.6246
130.551
102.621
78.9615
71.0299
132.509
40.1814
72.7237
115.234
90.3635
74.0638
47.7372
32.2361
110.057
86.3454
48.6468
94.193
108.708
33.8397
125.481
36.1207
92.2503
125.528
99.6013
76.1572
97.3841
56.2599
97.7581
87.5295
117.149
74.9768
67.7145
38.2435
123.926
69.9725
57.199
58.0547
115.193
88.1418
68.9356
31.9412
39.1579
60.6476
62.8946
103.373
106.701
59.0112
47.7802
82.2738
90.51
50.8096
61.2575
115.825
42.0307
26.4585
45.7651
81.554
89.968
25.0201
44.7738
95.8804
50.262
23.1729
43.6036
122.423
76.4444
67.927
91.1866
46.1294
87.557
35.0354
93.238
53.6635
65.0894
56.0107
89.2846
38.1451
66.021
37.6511
78.9418
54.8084
54.2322
19.3959
71.7027
49.7414
143.238
75.4003
57.0748
100.536
65.8322
49.046
22.724
59.2556
79.1
88.8348
89.0962
60.978
24.9287
104.843
53.7569
105.606
76.0086
68.1841
64.9674
74.4082
63.0199
24.3453
16.2538
70.3192
114.199
38.3558
90.4494
112.111
104.66
15.4424
53.105
81.9713
62.0288
39.7873
53.9234
81.2169
78.9372
57.4745
125.77
77.3801
67.7985
78.8672
77.8683
117.463
58.9116
107.995
34.5589
73.1011
63.9985
60.9419
50.5546
94.1452
55.1944
86.7687
48.0893
74.3889
135.041
61.5388
84.5131
73.8319
81.2345
68.5296
85.1122
27.6343
109.829
72.1194
64.2486
76.6816
69.2422
65.2405
55.4027
90.4734
62.1816
80.5409
41.2626
51.2578
49.4473
96.8344
64.5216
98.5787
49.0265
99.3706
10.5019
58.2927
74.5018
31.1391
91.2501
98.7094
85.1887
68.2872
98.9161
73.9695
62.1348
56.0179
91.2749
92.2778
77.9631
71.8864
70.1431
84.6782
46.5732
84.922
62.9145
125.419
34.1561
75.4383
97.9535
86.0967
39.6916
58.7253
74.0424
60.3641
116.766
119.295
91.458
92.3742
91.8464
53.4993
132.113
119.504
108.774
40.4133
46.0238
65.4935
75.3275
93.3924
60.7616
99.3721
105.712
56.6941
88.1361
61.1387
102.921
63.161
66.6269
25.0866
56.2522
57.7898
63.1048
44.2942
41.0422
37.3626
109.998
51.8786
67.2944
77.2559
106.839
41.8398
78.7229
33.5753
76.5095
63.1468
75.655
59.3587
65.2479
108.408
115.379
69.8553
98.7983
85.5974
59.4786
61.313
76.8352
102.918
111.915
67.1347
48.6295
86.417
82.8311
26.006
58.4134
108.766
83.1427
114.017
84.5359
15.8656
131.306
18.7944
76.4574
77.4426
82.9943
113.482
71.6036
113.109
47.4082
63.7475
65.4168
35.5104
84.162
79.2145
62.8327
65.6647
62.9382
47.7705
47.0747
22.6502
91.0529
71.5037
70.9679
29.3999
102.868
61.1914
78.217
20.7816
50.3772
34.4722
73.2383
44.1464
91.7165
25.4538
68.5902
70.493
78.8529
122.562
92.5298
105.868
86.2651
37.4032
103.918
68.5896
51.7562
65.0105
45.2051
155.694
120.352
59.6146
87.1571
53.2062
54.6695
102.085
74.9496
38.2679
56.3499
81.3974
41.8965
86.2943
89.7497
106.781
102.69
76.9326
38.1559
30.8398
141.692
90.3398
66.8259
62.4129
83.9313
92.1812
57.5372
40.0138
71.4158
90.7582
69.8036
55.9153
71.8833
104.806
99.1422
18.2152
53.6071
83.0715
37.4315
80.4153
82.9865
75.2009
54.49
37.4211
77.205
77.065
52.4996
94.1083
77.9755
42.2265
82.7664
65.5833
63.7808
46.1981
65.2847
83.0896
41.278
83.322
48.5045
57.4827
31.9811
56.1505
70.0753
30.2541
70.3564
109.624
22.2602
82.2864
53.8301
112.966
115.468
65.8648
54.6583
35.6736
51.0947
108.898
72.8904
98.6661
79.1223
105.833
53.4316
34.4243
105.698
55.9088
88.1572
91.4859
63.7647
30.5889
35.4039
101.928
47.4863
85.0807
48.9382
24.1699
47.0153
45.8202
73.8236
48.9279
81.1763
55.8241
121.974
60.0237
96.9657
97.1546
91.5311
46.831
33.5204
54.0339
50.0956
33.6111
116.707
95.2276
60.0787
105.488
106.09
132.863
7.94248
70.35
113.65
49.947
82.4854
106.883
62.3853
54.9685
86.3492
52.2742
96.284
82.4377
70.7073
30.1252
77.887
79.1894
94.0821
35.9318
69.7376
111.837
80.4256
64.0894
83.7097
50.6617
114.142
86.7091
112.993
127.177
106.301
65.8328
61.7866
80.8704
71.5627
76.7728
64.996
69.1185
107.811
101.727
107.583
39.6941
52.4195
88.5525
132.771
34.145
134.341
36.8448
93.9891
33.1756
68.0117
92.1525
43.1568
33.6552
142.819
38.6187
103.303
137.521
126.107
51.8262
61.1507
113.257
86.4142
94.0097
106.344
93.6235
78.8485
32.7951
69.1723
115.616
149.549
77.3634
83.2427
53.7917
64.1116
64.9326
85.8516
78.2184
64.3776
61.8303
80.5033
77.0825
72.7868
119.128
74.2406
47.3469
103.244
146.45
40.2553
38.9719
117.542
43.7777
55.2336
60.6202
81.5455
62.3125
34.5629
115.536
73.4096
92.4378
81.2585
102.999
55.8988
93.0234
80.1906
86.6953
89.2859
96.5462
50.0433
96.335
90.7087
74.3521
114.031
64.9953
53.9024
78.0232
76.3565
85.1229
90.1418
81.7094
99.991
43.4845
122.871
66.064
83.7026
75.281
83.1741
143.422
122.499
82.0838
63.5613
30.9837
55.3578
60.25
71.3422
128.789
62.0403
51.9116
96.1278
98.6885
87.9419
81.331
67.7872
108.778
100.395
79.8414
41.8002
75.6059
50.5211
58.4717
38.4238
95.6742
102.293
108.747
112.135
75.7683
106.935
50.3796
82.4977
94.7605
45.3046
73.9076
118.788
34.1084
88.4932
35.2034
100.373
121.899
119.186
73.632
67.0521
76.6293
43.6458
71.2837
35.8148
88.778
72.1411
119.287
88.5016
57.4791
59.8221
99.9087
75.8093
45.4604
49.2315
85.4798
61.5056
32.5982
89.1807
97.134
47.7813
40.3156
89.9912
53.3097
54.3847
91.6019
55.4638
134.48
96.501
109.032
108.552
58.7423
97.1559
128.272
97.8605
139.487
63.2262
73.2712
116.621
91.4499
50.1308
46
50.5276
53.5254
45.7489
46.7803
77.4872
58.4131
48.973
80.597
72.6926
15.0755
67.3143
82.7814
62.9372
103.039
118.06
50.6606
75.9844
109.739
56.1342
112.404
116.458
141.189
78.5281
52.6309
65.0491
34.9261
79.4886
88.5134
47.1297
132.347
55.3387
80.9046
98.3743
57.4589
88.6448
74.3233
73.2109
87.8008
97.201
89.1835
112.666
76.7432
122.799
71.0326
74.2012
85.5152
88.9563
106.737
103.945
50.878
100.872
54.6345
89.1015
41.0574
28.0575
71.8488
64.8005
82.5202
41.158
135.797
86.5721
90.0325
51.4876
70.0619
52.9016
57.5865
68.471
128.39
70.5948
46.9156
54.3125
19.9234
148.672
62.6677
80.7316
101.325
110.235
88.216
113.922
54.9839
38.8294
69.9327
37.112
80.398
